0 0.967858296525912	0.00243753243590669	0.0284718175603512	0.00123235347782979
1 0.957474279999259	0.0117614933744872	0.0296643222269529	0.00109990439930122
2 0.00121414710558265	0.926511547393686	0.0244908825610726	0.0477834229396588
3 0.000400148717842272	0.00783290042237681	0.00322862675567952	0.988538324104102
4 0.0561717373634994	0.894232672903676	0.0481852265472882	0.00141036318553689
5 0.0751747051737863	0.893205633076991	0.0283873922307693	0.00323226951845418
6 0.0405336861827239	0.00608523713979629	0.952335787801316	0.00104528887616475
7 3.78502945298124e-5	0.000700007925623134	0.999208774141711	5.33676381372781e-5
8 0.00013321980347413	0.992672306209935	0.000456539250762014	0.00673793473582945
9 0.0245688725011765	0.926293382496471	0.0245688725011765	0.0245688725011765
10 0.926293382496472	0.0245688725011765	0.0245688725011765	0.0245688725011765
11 0.0245688725011765	0.0245688725011765	0.0245688725011765	0.926293382496472
12 0.0245688725011765	0.0245688725011765	0.0245688725011765	0.926293382496471
13 0.000183628502176101	0.996893483222414	0.00076988649658659	0.00215300177882476
14 0.0992449854549445	0.0110701620024824	0.886207921921002	0.00347693062157254
15 0.0245688725011765	0.926293382496472	0.0245688725011765	0.0245688725011765
16 0.98215038508081	0.000806499298854163	0.0163918088473026	0.000651306773034991
17 2.35414851712363e-5	0.000189068986536857	0.999747876050863	3.95134774313865e-5
18 2.37147118586075e-5	0.000418890158672918	0.999509566036219	4.78290932513379e-5
19 0.98289002517253	0.00399554831439984	0.0125309301240182	0.00058349638905467
20 0.00388034761649663	0.0203432727992767	0.788378430024756	0.187397949559473
21 0.926293382496473	0.0245688725011766	0.0245688725011766	0.0245688725011766
22 0.0245688725011766	0.0245688725011766	0.926293382496472	0.0245688725011766
23 0.926293382496472	0.0245688725011766	0.0245688725011766	0.0245688725011766
24 0.00356916829495845	0.0136414247480894	0.819546803013256	0.163242603943698
25 0.000124981626706442	0.99553822467721	0.000419877029178622	0.00391691666690713
26 0.0245688725011766	0.0245688725011766	0.0245688725011766	0.926293382496473
27 0.0245688725011765	0.926293382496473	0.0245688725011765	0.0245688725011765
28 0.000331129546717605	0.99383660918499	0.00178369384743241	0.00404856742086258
29 7.52958771476118e-5	0.00148406968116112	0.998330209244969	0.000110425196724914
30 3.08898003530492e-5	0.998092483448462	0.00073618503653486	0.00114044171465309
31 0.990865816183898	0.0023423506566418	0.00603444059609517	0.000757392563367991
32 0.000379394053777505	0.0016230152614917	0.00208092350835393	0.995916667176379
33 0.000116077813217909	0.996314948751707	0.000375993869526082	0.00319297956555103
34 0.0245688725011765	0.926293382496473	0.0245688725011765	0.0245688725011765
35 0.0245688725011766	0.926293382496473	0.0245688725011766	0.0245688725011766
36 0.0245688725011766	0.0245688725011766	0.926293382496473	0.0245688725011766
37 0.0245688725011766	0.0245688725011766	0.0245688725011766	0.926293382496472
38 0.0245688725011766	0.0245688725011766	0.0245688725011766	0.926293382496473
39 0.0245688725011766	0.0245688725011766	0.0245688725011766	0.926293382496473
40 7.20868992837044e-5	0.000335743331315287	0.999435841025551	0.000156328743852281
41 0.991654637193307	0.00178127675685577	0.00588504491349433	0.000679041136344721
42 0.0245688725011766	0.0245688725011766	0.0245688725011766	0.926293382496472
43 0.0245688725011766	0.926293382496473	0.0245688725011766	0.0245688725011766
44 0.000502526150726518	0.000750872791642023	0.00259721675487165	0.996149384302762
45 3.92338014621926e-5	0.000727436938951335	0.999193691361653	3.96378979365935e-5
46 9.51324162238442e-5	0.997206323317409	0.00149936246166218	0.00119918180470801
47 0.000343108187359978	0.00161056146577175	0.997542068024525	0.000504262322345018
48 0.0245688725011766	0.0245688725011766	0.0245688725011766	0.926293382496473
49 0.926293382496472	0.0245688725011765	0.0245688725011765	0.0245688725011765
50 0.000104837207645619	0.000393802389552465	0.999350302670726	0.000151057732077978
51 0.162517536481633	0.627551762473158	0.0143667391532205	0.195563961891991
52 0.0245688725011766	0.0245688725011766	0.0245688725011766	0.926293382496472
53 0.926293382496472	0.0245688725011766	0.0245688725011766	0.0245688725011766
54 0.926293382496472	0.0245688725011766	0.0245688725011766	0.0245688725011766
55 0.0245688725011765	0.926293382496472	0.0245688725011765	0.0245688725011765
56 0.183429476668602	0.725940014527945	0.0243129309802037	0.0663175778232511
57 0.000425522367288037	0.00783542438693301	0.00415352233616585	0.987585530909615
58 3.10470677860497e-5	0.999180147809509	0.000435672184138192	0.000353132938568825
59 3.00232016703665e-5	0.999306193226811	0.000198559262297854	0.000465224309222679
60 0.000534917533620891	0.00254665167140083	0.000922888094480246	0.9959955427005
61 0.926293382496473	0.0245688725011765	0.0245688725011765	0.0245688725011765
62 0.926293382496473	0.0245688725011765	0.0245688725011765	0.0245688725011765
63 0.00228282323085782	0.148146939072693	0.0122642647735721	0.837305972922878
64 0.000299988953569928	0.000682075556079606	0.998746494790877	0.000271440699475083
65 0.00295694568217232	0.0112702249459346	0.851928147147087	0.133844682224808
66 2.55687101732609e-5	0.998696215603204	0.000564119323807239	0.000714096362817125
67 0.98994142773116	0.00264012951574902	0.00654672044172335	0.000871722311368759
68 0.0245688725011765	0.0245688725011765	0.926293382496472	0.0245688725011765
69 0.000109473780228775	0.000317633801254381	0.999426662465017	0.000146229953501688
70 0.00377253317114212	0.514585494006663	0.476641990355526	0.00499998246667104
71 0.0245688725011765	0.0245688725011765	0.0245688725011765	0.926293382496472
72 0.0245688725011765	0.926293382496472	0.0245688725011765	0.0245688725011765
73 0.926293382496472	0.0245688725011765	0.0245688725011765	0.0245688725011765
74 0.0245688725011765	0.0245688725011765	0.926293382496472	0.0245688725011765
75 0.00635449539152731	0.0122649592696517	0.00833566097829123	0.973044884360531
76 0.926293382496472	0.0245688725011765	0.0245688725011765	0.0245688725011765
77 0.000192189055385711	0.997125209323729	0.000832663549079388	0.00184993807180765
78 0.00028597181570418	0.0691016955469731	0.000485470056715606	0.930126862580609
79 0.926293382496472	0.0245688725011765	0.0245688725011765	0.0245688725011765
80 0.0245688725011765	0.0245688725011765	0.0245688725011765	0.926293382496472
81 0.0245688725011765	0.0245688725011765	0.926293382496472	0.0245688725011765
82 0.0245688725011765	0.0245688725011765	0.926293382496472	0.0245688725011765
83 0.0245688725011765	0.0245688725011765	0.0245688725011765	0.926293382496472
84 0.000108232212969683	0.000158233304642304	0.999606439942254	0.000127094540136291
85 0.000160792403691987	0.000571506142818749	0.999060554294635	0.00020714715885603
86 0.0245688725011765	0.0245688725011765	0.926293382496472	0.0245688725011765
87 0.0245688725011765	0.0245688725011765	0.926293382496473	0.0245688725011765
88 0.0245688725011765	0.0245688725011765	0.926293382496473	0.0245688725011765
89 0.926293382496472	0.0245688725011765	0.0245688725011765	0.0245688725011765
90 0.000117989002651362	0.997782452527264	0.000660664176583573	0.00143889429350254
91 0.00010528756053941	0.996676979372193	0.000180040157651837	0.00303769290961764
92 0.926293382496472	0.0245688725011765	0.0245688725011765	0.0245688725011765
93 0.0245688725011765	0.926293382496472	0.0245688725011765	0.0245688725011765
94 0.926293382496472	0.0245688725011765	0.0245688725011765	0.0245688725011765
95 0.0245688725011765	0.0245688725011765	0.0245688725011765	0.926293382496472
96 0.0245688725011765	0.0245688725011765	0.926293382496472	0.0245688725011765
97 0.0147084101783029	0.000422309314593422	0.984520146471682	0.000349134035423957
98 0.000177396138771364	0.000824757238821135	0.998797750729693	0.000200095892716024
99 0.926293382496472	0.0245688725011765	0.0245688725011765	0.0245688725011765
100 0.968824350102135	0.00866176940692366	0.0135221746790051	0.00899170581193757
101 0.0245688725011765	0.0245688725011765	0.0245688725011765	0.926293382496472
102 0.926293382496472	0.0245688725011765	0.0245688725011765	0.0245688725011765
103 0.00280061980313057	0.475821056277421	0.516784734859355	0.00459358906009472
104 0.000123760081596179	0.99586740685861	0.000340102962023962	0.00366873009777131
105 0.0245688725011765	0.926293382496472	0.0245688725011765	0.0245688725011765
106 0.000549919615337028	0.000808175059136956	0.00296193180342104	0.995679973522106
107 3.81845241960163e-5	0.000555957370903772	0.999372127441825	3.37306630769481e-5
108 0.133291871443442	0.531603309959848	0.0118232726395076	0.323281545957204
109 0.0001092988876376	0.000435225850334952	0.999300941896163	0.000154533365865542
110 5.10596488708784e-5	0.998640891565935	0.000702315914889518	0.000605732870305476
111 0.000862531081502586	0.320425796104701	0.00626799493445818	0.672443677879339
112 0.00283724087509179	0.0131642322345732	0.893600661720251	0.0903978651700847
113 0.0010945075052747	0.0193285087830732	0.894548528583888	0.0850284551277649
114 0.983978590058165	0.00309757714192321	0.0123926344683131	0.000531198331598644
115 0.0470892010661085	0.0238774221660397	0.927205769267237	0.00182760750061523
116 0.00086381534664738	0.0119417556682407	0.0119975824271408	0.975196846557971
117 0.000862260486810093	0.00373661113824015	0.00280762278751126	0.992593505587439
118 0.0245688725011765	0.0245688725011765	0.0245688725011765	0.92629338249647
