0 0.981543295961375	0.00181165388808469	0.0149863726426812	0.00165867750785959
1 0.000223585023388798	0.0013404478311135	0.998125421406968	0.000310545738529997
2 0.0039407388789262	0.525129441747261	0.020847874885878	0.450081944487935
3 0.00115146741589385	0.00636576289074114	0.00551392620009468	0.986968843493271
4 0.975856413469373	0.00764130861950763	0.0152409204709075	0.00126135744021243
5 0.000224988865246973	0.996841137337646	0.00143951762319065	0.00149435617391628
6 0.0498840494095134	0.00553150599625579	0.942828274195939	0.0017561703982917
7 0.000278222822859132	0.00167269785922168	0.997714563079418	0.000334516238501022
8 0.000527888765298731	0.985473292323872	0.00118742362519761	0.0128113952856319
9 0.0380692409269526	0.885792277219143	0.0380692409269526	0.0380692409269526
10 0.885792277219142	0.0380692409269526	0.0380692409269526	0.0380692409269526
11 0.0380692409269526	0.0380692409269526	0.0380692409269526	0.885792277219142
12 0.0380692409269526	0.0380692409269526	0.0380692409269526	0.885792277219143
13 0.000489375076414186	0.995610291874457	0.00148904722630649	0.00241128582282293
14 0.00049131567215198	0.995279024582079	0.000691821888542313	0.00353783785722691
15 0.0380692409269526	0.0380692409269526	0.0380692409269526	0.885792277219142
16 0.00987606433336115	0.634504620408789	0.0360910670788166	0.319528248179034
17 0.980209783154694	0.00509921258134418	0.0131821756132425	0.00150882865071981
18 0.000166285016450444	0.0013225869436362	0.998174311233244	0.000336816806669502
19 0.981304811378323	0.00450224232959876	0.0125543184346681	0.0016386278574107
20 0.000519262780282457	0.0013904904984234	0.997372261488688	0.000717985232606349
21 0.885792277219142	0.0380692409269526	0.0380692409269526	0.0380692409269526
22 0.0380692409269526	0.885792277219142	0.0380692409269526	0.0380692409269526
23 0.0380692409269526	0.0380692409269526	0.0380692409269526	0.885792277219141
24 0.944256394888111	0.00293001013972445	0.0511531619503408	0.0016604330218232
25 0.200499542158306	0.725319604000646	0.0589971883176308	0.0151836655234165
26 0.885792277219141	0.0380692409269526	0.0380692409269526	0.0380692409269526
27 0.0380692409269526	0.885792277219141	0.0380692409269526	0.0380692409269526
28 0.000663729770233989	0.993944981699602	0.0020092525519325	0.00338203597823127
29 0.0046469198583229	0.598541405116141	0.381764295491849	0.0150473795336867
30 0.00292282200808993	0.489123562893691	0.0181846053118528	0.489769009786366
31 0.990598819070997	0.00255137713640441	0.0055659380739975	0.00128386571860131
32 0.0010321645637918	0.0026916292250911	0.00293604461037663	0.99334016160074
33 0.000475337887915416	0.995062097806535	0.00103934527450008	0.00342321903104957
34 0.0380692409269526	0.0380692409269526	0.0380692409269526	0.885792277219142
35 0.0380692409269526	0.885792277219142	0.0380692409269526	0.0380692409269526
36 0.885792277219142	0.0380692409269526	0.0380692409269526	0.0380692409269526
37 0.0380692409269526	0.0380692409269526	0.0380692409269526	0.885792277219142
38 0.0380692409269526	0.0380692409269526	0.0380692409269526	0.885792277219142
39 0.0380692409269526	0.885792277219142	0.0380692409269526	0.0380692409269526
40 0.000382376763605376	0.000969003900348495	0.998102908726499	0.000545710609546805
41 0.989252410405083	0.00265924500151761	0.00677929453392458	0.0013090500594744
42 0.0380692409269526	0.0380692409269526	0.0380692409269526	0.885792277219142
43 0.0380692409269526	0.885792277219142	0.0380692409269526	0.0380692409269526
44 0.00108557147809206	0.00183980998365459	0.00274956066839145	0.994325057869862
45 0.090244575124179	0.0177175269628702	0.888647997518947	0.00338990039400347
46 0.00446144970236001	0.372799798681225	0.609127335009719	0.0136114166066954
47 0.0007833643528038	0.00186322589492004	0.996543627663962	0.000809782088313659
48 0.885792277219142	0.0380692409269526	0.0380692409269526	0.0380692409269526
49 0.885792277219141	0.0380692409269526	0.0380692409269526	0.0380692409269526
50 0.0110060179191929	0.0234951414356263	0.729418354579597	0.236080486065584
51 0.00147523161482269	0.00381708912827682	0.0031150661488927	0.991592613108007
52 0.0380692409269526	0.0380692409269526	0.0380692409269526	0.885792277219142
53 0.885792277219143	0.0380692409269526	0.0380692409269526	0.0380692409269526
54 0.885792277219142	0.0380692409269526	0.0380692409269526	0.0380692409269526
55 0.0380692409269526	0.0380692409269526	0.885792277219142	0.0380692409269526
56 0.000551755022597208	0.993856102714791	0.00155663217023609	0.00403551009237619
57 0.00136306435770677	0.00828697333642261	0.00477780582345202	0.985572156482419
58 0.00027703304346037	0.997057227328247	0.00138237070433286	0.00128336892396028
59 0.00133192729073993	0.00647257153212886	0.00527611392344424	0.986919387253687
60 0.31739652836754	0.0332175210353995	0.636636370455614	0.0127495801414463
61 0.885792277219142	0.0380692409269526	0.0380692409269526	0.0380692409269526
62 0.0380692409269526	0.885792277219143	0.0380692409269526	0.0380692409269526
63 0.000548819187176123	0.000639721855130933	0.998268025489391	0.000543433468302199
64 0.000646738255073138	0.00137125768998766	0.997374823485064	0.000607180569875118
65 0.00632953867113715	0.000448536963206951	0.992988604406747	0.00023331995891012
66 0.000351752586578615	0.997092110655194	0.00191786221175728	0.000638274546470824
67 0.00114812123925358	0.00329367376921706	0.994028717052735	0.00152948793879531
68 0.0380692409269527	0.0380692409269527	0.0380692409269527	0.885792277219143
69 0.00117469188888359	0.990709458679766	0.00365883925692276	0.00445701017442851
70 0.0011133598170449	0.0027529194647447	0.99491657180781	0.0012171489104009
71 0.0380692409269526	0.0380692409269526	0.0380692409269526	0.885792277219143
72 0.0380692409269527	0.885792277219144	0.0380692409269527	0.0380692409269527
73 0.885792277219143	0.0380692409269526	0.0380692409269526	0.0380692409269526
74 0.0380692409269527	0.0380692409269527	0.885792277219143	0.0380692409269527
75 0.00235960400086267	0.00735220431161247	0.00347918661670206	0.986809005070824
76 0.885792277219143	0.0380692409269527	0.0380692409269527	0.0380692409269527
77 0.000663422710981682	0.994705338919396	0.0017463558893386	0.00288488248028488
78 0.000345046372491203	0.0298403566393633	0.000483776787251562	0.969330820200895
79 0.885792277219143	0.0380692409269527	0.0380692409269527	0.0380692409269527
80 0.0380692409269527	0.0380692409269527	0.0380692409269527	0.885792277219144
81 0.885792277219144	0.0380692409269527	0.0380692409269527	0.0380692409269527
82 0.0380692409269527	0.0380692409269527	0.885792277219144	0.0380692409269527
83 0.885792277219144	0.0380692409269527	0.0380692409269527	0.0380692409269527
84 0.00912461155868323	0.267978408558886	0.692827204420847	0.0300697754615847
85 0.000782077035886347	0.00173812142835174	0.996720847180459	0.00075895435530441
86 0.0380692409269527	0.0380692409269527	0.885792277219144	0.0380692409269527
87 0.0380692409269527	0.0380692409269527	0.0380692409269527	0.885792277219144
88 0.0380692409269527	0.0380692409269527	0.885792277219143	0.0380692409269527
89 0.885792277219144	0.0380692409269527	0.0380692409269527	0.0380692409269527
90 0.000629148717209452	0.994466827171506	0.00186790293391857	0.00303612117736691
91 0.00850794039072794	0.642311454809405	0.289541942376378	0.0596386624234911
92 0.0380692409269527	0.0380692409269527	0.885792277219143	0.0380692409269527
93 0.0380692409269526	0.0380692409269526	0.0380692409269526	0.885792277219143
94 0.885792277219144	0.0380692409269527	0.0380692409269527	0.0380692409269527
95 0.0380692409269527	0.0380692409269527	0.0380692409269527	0.885792277219144
96 0.0380692409269527	0.0380692409269527	0.885792277219144	0.0380692409269527
97 0.011561036457878	0.00044034088531735	0.987609840983378	0.000388781673427963
98 0.000675943151637886	0.00172675520254905	0.996914236819552	0.000683064826262124
99 0.885792277219143	0.0380692409269526	0.0380692409269526	0.0380692409269526
100 0.983171556903225	0.003645332384052	0.00921625748504101	0.00396685322768328
101 0.0380692409269527	0.0380692409269527	0.0380692409269527	0.885792277219143
102 0.885792277219143	0.0380692409269527	0.0380692409269527	0.0380692409269527
103 0.0010071823683212	0.987812679512406	0.00296282116119947	0.00821731695807384
104 0.00111243881646618	0.00340657371610525	0.994053995649807	0.00142699181762212
105 0.885792277219143	0.0380692409269526	0.0380692409269526	0.0380692409269526
106 0.00121219254580139	0.990035202145252	0.00361092458108254	0.00514168072786538
107 0.000425029090296134	0.00188310316328473	0.997305356109906	0.000386511636514135
108 0.000214235975377334	0.0164234533149521	0.000467607391182429	0.982894703318489
109 0.000523886634513513	0.00113914096465365	0.997760760819216	0.000576211581617631
110 0.000326036205291043	0.996252402997293	0.00168117789132598	0.00174038290609023
111 0.00158153002069035	0.176231768173527	0.00570614636566477	0.816480555440118
112 0.000382017772023367	0.00140783884589202	0.997953475736443	0.000256667645642484
113 0.00112325302500686	0.0069984833173372	0.00777941302879793	0.984098850628859
114 0.980816746240756	0.00536227377024631	0.0125178601261689	0.00130311986282872
115 0.0750685057709337	0.0203846777235897	0.900142880424461	0.00440393608101577
116 0.000265801024707363	0.996548942264928	0.00138519254188247	0.00180006416848281
117 0.00139883871902053	0.00413564751665195	0.00207132236775936	0.992394191396568
118 0.0380692409269526	0.0380692409269526	0.0380692409269526	0.885792277219142
