0 0.000430263141707955	5.54045099600826e-5	0.999368536706394	0.00014579564193801
1 0.618428616688523	0.352182387778066	0.00385361217861127	0.0255353833547989
2 6.01181317883481e-5	0.000393759665275671	0.000100300395720207	0.999445821807216
3 5.1135540356565e-5	0.000240085693438261	8.18139032370398e-5	0.999626964862968
4 0.494241481656923	0.00540287593800977	0.0237255268910301	0.476630115514036
5 6.71270446617485e-5	0.999548708791877	3.77241324292827e-5	0.000346440031031448
6 0.00517877762720954	0.00544117302016503	0.819048294649386	0.170331754703239
7 0.00045687040343558	4.74586063411848e-5	0.9993902099241	0.000105461066122517
8 0.00010557019636804	0.996120897696707	3.7750031390733e-5	0.00373578207553444
9 0.00973205647961596	0.970803830561152	0.00973205647961596	0.00973205647961596
10 0.970803830561152	0.00973205647961596	0.00973205647961596	0.00973205647961596
11 0.00973205647961596	0.00973205647961596	0.00973205647961596	0.970803830561152
12 0.970803830561152	0.00973205647961596	0.00973205647961596	0.00973205647961596
13 6.87855129679807e-5	0.999529085296726	3.86511010071085e-5	0.000363478089298293
14 7.62552493553168e-5	0.999482733318209	4.26011873859667e-5	0.000398410245049331
15 0.970803830561151	0.00973205647961596	0.00973205647961596	0.00973205647961596
16 9.38696999682992e-5	0.999393490921836	5.29620565600588e-5	0.000459677321635046
17 0.000109182611048033	0.999379535320452	6.36787701987385e-5	0.000447603298300041
18 9.88942409763192e-5	0.999341743099325	5.6690458032992e-5	0.000502672201664724
19 6.18597148006773e-5	0.000453723129798235	0.000101419249771928	0.999382997905628
20 0.000594479718433608	4.58227667553693e-5	0.999258784923019	0.000100912591790892
21 0.970803830561151	0.00973205647961595	0.00973205647961595	0.00973205647961595
22 0.00973205647961595	0.00973205647961595	0.97080383056115	0.00973205647961595
23 0.00973205647961596	0.00973205647961596	0.970803830561151	0.00973205647961596
24 0.976589038013204	0.000123901896609363	0.0226673300045643	0.00061973008562165
25 0.000126617902580024	0.998946638678398	4.02482603368713e-5	0.000886495158684006
26 0.00973205647961596	0.00973205647961596	0.00973205647961596	0.970803830561151
27 0.00973205647961596	0.970803830561151	0.00973205647961596	0.00973205647961596
28 7.5958469685286e-5	0.999458934063888	3.95745690949969e-5	0.000425532897330768
29 0.0139851781307966	0.464187198428232	0.515271097744114	0.00655652569685663
30 0.000236324880326135	4.91663738254804e-5	0.999617273327588	9.72354182594118e-5
31 0.51222444796234	0.00497968101448787	0.0205818981917023	0.462213972831469
32 4.29065715664878e-5	0.000279533278537688	6.76843994740091e-5	0.999609875750421
33 6.634333842719e-5	0.999550508688319	3.70098058413068e-5	0.000346138167411836
34 0.00973205647961597	0.00973205647961597	0.00973205647961597	0.970803830561151
35 0.00973205647961597	0.970803830561152	0.00973205647961597	0.00973205647961597
36 0.00973205647961597	0.00973205647961597	0.970803830561151	0.00973205647961597
37 0.00973205647961597	0.970803830561152	0.00973205647961597	0.00973205647961597
38 0.00973205647961597	0.970803830561151	0.00973205647961597	0.00973205647961597
39 0.00973205647961596	0.00973205647961596	0.00973205647961596	0.970803830561151
40 0.00019683632871083	3.78385795308323e-5	0.999692323755161	7.30013365969673e-5
41 0.9994004442819	7.84730575019654e-5	0.000444221227969711	7.68614326277422e-5
42 0.00973205647961596	0.00973205647961596	0.970803830561152	0.00973205647961596
43 0.00973205647961596	0.970803830561151	0.00973205647961596	0.00973205647961596
44 0.365944091613544	0.00565005468932365	0.0154564174785061	0.612949436218626
45 8.88380468026733e-5	0.999449477525244	4.82746816101987e-5	0.000413409746342512
46 0.0119840317469318	0.532562426485799	0.448391735487321	0.00706180627994759
47 0.000251328906170604	4.09191028856497e-5	0.999623424486225	8.43275047174987e-5
48 0.970803830561152	0.00973205647961597	0.00973205647961597	0.00973205647961597
49 0.970803830561151	0.00973205647961596	0.00973205647961596	0.00973205647961596
50 0.000482380892211861	4.36240032500143e-5	0.999336576573468	0.000137418531069079
51 0.000247368942076837	0.973358801827768	0.000370245342692742	0.0260235838874614
52 0.00973205647961597	0.00973205647961597	0.00973205647961597	0.970803830561151
53 0.97080383056115	0.00973205647961596	0.00973205647961596	0.00973205647961596
54 0.970803830561151	0.00973205647961596	0.00973205647961596	0.00973205647961596
55 0.00973205647961596	0.00973205647961596	0.970803830561151	0.00973205647961596
56 8.14727340642404e-5	0.999046480442472	4.05127276201821e-5	0.000831534095842203
57 0.998949799591331	0.000109934628918887	0.000829988476984856	0.00011027730276353
58 0.000300093375871434	5.84957623421543e-5	0.999530737214137	0.000110673647648387
59 0.000278392808055173	6.67971538042022e-5	0.999534532692007	0.000120277346132022
60 0.000285616389014069	5.57320889322088e-5	0.999553471041551	0.000105180480501852
61 0.00973205647961596	0.00973205647961596	0.00973205647961596	0.970803830561151
62 0.00973205647961596	0.970803830561151	0.00973205647961596	0.00973205647961596
63 0.000234957327516046	4.37389210947066e-5	0.999636586119664	8.47176317243583e-5
64 0.000209012424843701	3.9568572319521e-5	0.999675380172372	7.60388304640888e-5
65 0.000389383710105632	7.858595073525e-6	0.999599119680017	3.63801480332379e-6
66 7.17012847103744e-5	0.999419126935181	3.79674014045591e-5	0.000471204378703764
67 0.000101287559822668	0.999149635380122	5.35583844892872e-5	0.000695518675565316
68 0.00973205647961596	0.00973205647961596	0.00973205647961596	0.970803830561151
69 0.000242615170157647	5.00885138902639e-5	0.999615857997193	9.14383187583355e-5
70 0.00115817351377881	4.79221760569066e-5	0.99866561288517	0.000128291424993201
71 0.970803830561152	0.00973205647961596	0.00973205647961596	0.00973205647961596
72 0.00973205647961596	0.00973205647961596	0.00973205647961596	0.970803830561152
73 0.970803830561152	0.00973205647961597	0.00973205647961597	0.00973205647961597
74 0.00973205647961596	0.00973205647961596	0.970803830561151	0.00973205647961596
75 3.90510549702265e-5	0.000245105492331692	5.85020937055628e-5	0.999657341358991
76 0.970803830561152	0.00973205647961596	0.00973205647961596	0.00973205647961596
77 8.79954813372959e-5	0.999466232703438	3.86916997388488e-5	0.000407080115484661
78 2.14571069780928e-5	0.00077579776759986	3.17082959020503e-6	0.999199574295831
79 0.00973205647961596	0.00973205647961596	0.00973205647961596	0.970803830561151
80 0.00973205647961596	0.00973205647961596	0.970803830561151	0.00973205647961596
81 0.00973205647961596	0.00973205647961596	0.970803830561151	0.00973205647961596
82 0.970803830561151	0.00973205647961596	0.00973205647961596	0.00973205647961596
83 0.00973205647961596	0.00973205647961596	0.00973205647961596	0.970803830561151
84 0.000273207301138592	4.30440803434545e-5	0.999597361789367	8.63868291497502e-5
85 0.000216455089107109	4.00290447302929e-5	0.999666115713901	7.74001522603965e-5
86 0.00973205647961596	0.00973205647961596	0.970803830561151	0.00973205647961596
87 0.970803830561151	0.00973205647961596	0.00973205647961596	0.00973205647961596
88 0.00973205647961595	0.00973205647961595	0.970803830561151	0.00973205647961595
89 0.970803830561151	0.00973205647961595	0.00973205647961595	0.00973205647961595
90 6.98207294298926e-5	0.999516866163995	3.9218295476882e-5	0.000374094811096865
91 7.73405479068548e-5	0.999409543564892	4.20427637758802e-5	0.000471073123424477
92 0.970803830561151	0.00973205647961596	0.00973205647961596	0.00973205647961596
93 0.00973205647961595	0.970803830561151	0.00973205647961595	0.00973205647961595
94 0.00973205647961595	0.970803830561151	0.00973205647961595	0.00973205647961595
95 0.00973205647961595	0.00973205647961595	0.970803830561152	0.00973205647961595
96 0.00973205647961595	0.00973205647961595	0.970803830561151	0.00973205647961595
97 0.000814299241441273	1.75406942599666e-5	0.998980692079666	0.000187467984631365
98 0.000232790388790973	4.00480016832937e-5	0.999632596906621	9.45647029037596e-5
99 0.970803830561151	0.00973205647961595	0.00973205647961595	0.00973205647961595
100 0.999469702336495	6.3060915200268e-5	0.000397041577041327	7.01951712627831e-5
101 0.00973205647961596	0.00973205647961596	0.00973205647961596	0.970803830561152
102 0.970803830561152	0.00973205647961596	0.00973205647961596	0.00973205647961596
103 0.000104342907968367	0.998353921626874	4.373466035086e-5	0.00149800080480649
104 8.28980111741692e-5	0.999442335189537	4.91412450684157e-5	0.000425625554219751
105 0.970803830561152	0.00973205647961596	0.00973205647961596	0.00973205647961596
106 0.000378750553967983	5.54464515164698e-5	0.9994503956394	0.00011540735511585
107 0.000257250849743077	3.91363619311178e-5	0.999622859717025	8.07530713007574e-5
108 1.12102280231726e-5	0.000374781964746522	1.40917102984925e-6	0.9996125986362
109 0.00162970875393579	4.44802038310526e-5	0.998180191200865	0.000145619841367633
110 9.0669540446961e-5	0.999090758809206	4.53298288513473e-5	0.000773241821495269
111 0.398782989300523	0.261463134531578	0.00166635983615936	0.338087516331739
112 0.000197199351303766	3.8552328827469e-5	0.999690456876974	7.37914428945303e-5
113 0.377317321776324	0.0061627013570603	0.0163157784656816	0.600204198400933
114 0.99943452363527	9.01461337688572e-5	0.000401028157058213	7.43020739025751e-5
115 0.999097644080748	0.000107055410742452	0.000691262462057947	0.000104038046451279
116 0.00413834476281996	0.0356234340351347	0.601950267424609	0.358287953777436
117 0.000117587908526365	0.999144825934964	5.01722989856603e-5	0.000687413857524363
118 0.00973205647961597	0.00973205647961597	0.00973205647961597	0.970803830561152
