0 0.999999122838603	7.51745426899948e-11	8.77012171560204e-7	7.40512249272589e-11
1 1.13719663414883e-5	4.87880230139635e-11	0.99998862796859	1.62806885083534e-11
2 6.22522484716638e-7	3.92575339724358e-6	0.835264770665872	0.164730681058246
3 2.91005284119254e-12	1.82901288336626e-11	2.04022781642246e-11	0.999999999958398
4 0.999999269548628	1.93988169901513e-11	7.3042878124447e-7	3.19160137082315e-12
5 5.33057650668186e-13	0.999999915320602	3.19931858259495e-12	8.46756660199875e-8
6 5.42451422248204e-6	1.67854991990288e-11	0.999994575463659	5.3337376224558e-12
7 7.10861361972193e-13	4.35513096909563e-12	0.999999999994069	8.65498469169849e-13
8 7.23636455484209e-12	0.999998924015871	3.03865238486705e-12	1.07597385421765e-6
9 3.65128138695979e-6	0.99998904615584	3.65128138695979e-6	3.65128138695979e-6
10 0.999989046155839	3.65128138695978e-6	3.65128138695978e-6	3.65128138695978e-6
11 3.65128138695978e-6	0.99998904615584	3.65128138695978e-6	3.65128138695978e-6
12 0.99998904615584	3.65128138695978e-6	3.65128138695978e-6	3.65128138695978e-6
13 1.01809724988194e-8	5.00743886357459e-8	2.2851518941802e-8	0.999999916893121
14 3.67975232585719e-6	0.595053859888837	0.404940118116694	2.34224214384191e-6
15 0.99998904615584	3.65128138695979e-6	3.65128138695979e-6	3.65128138695979e-6
16 8.40174610962264e-12	3.37638863236844e-11	2.04060865643914e-11	0.999999999937429
17 1.21211540871972e-12	0.999999866647656	6.7708612237977e-12	1.33344361308562e-7
18 1.18439315332844e-12	7.42565855179163e-12	0.999999999990178	1.21306242091403e-12
19 4.30509885098757e-12	1.26580850314045e-11	2.39300201048825e-11	0.999999999959108
20 4.88030438881362e-11	9.01343070505344e-12	0.99999999992477	1.74144093389757e-11
21 0.99998904615584	3.65128138695979e-6	3.65128138695979e-6	3.65128138695979e-6
22 0.99998904615584	3.65128138695979e-6	3.65128138695979e-6	3.65128138695979e-6
23 3.65128138695979e-6	3.65128138695979e-6	3.65128138695979e-6	0.99998904615584
24 0.999996387757902	1.56425683963427e-9	3.60950392142585e-6	1.17392083495382e-9
25 2.82268396332474e-6	0.510040800102592	0.415090330313557	0.0748660468998892
26 3.65128138695979e-6	3.65128138695979e-6	0.99998904615584	3.65128138695979e-6
27 3.65128138695979e-6	0.99998904615584	3.65128138695979e-6	3.65128138695979e-6
28 1.14375940270122e-11	0.999999816407403	3.94052918176935e-12	1.83577220404627e-7
29 0.122019732051192	0.853970240171273	2.10816103766942e-6	0.0240079196164992
30 0.999999458110137	2.34554041667391e-11	5.41853331479623e-7	1.30775960520015e-11
31 0.501659587690065	1.04533229425026e-5	6.00861389988386e-6	0.498323950373095
32 0.346238147778607	3.53473671496678e-6	0.0931156241635653	0.560642693321114
33 8.23394086450576e-8	0.999999505590546	4.22439226914415e-10	4.11647607350993e-7
34 3.65128138695979e-6	0.99998904615584	3.65128138695979e-6	3.65128138695979e-6
35 3.65128138695979e-6	0.99998904615584	3.65128138695979e-6	3.65128138695979e-6
36 3.65128138695979e-6	3.65128138695979e-6	0.99998904615584	3.65128138695979e-6
37 3.65128138695979e-6	3.65128138695979e-6	3.65128138695979e-6	0.99998904615584
38 3.65128138695979e-6	0.999989046155841	3.65128138695979e-6	3.65128138695979e-6
39 3.65128138695979e-6	0.99998904615584	3.65128138695979e-6	3.65128138695979e-6
40 1.76515349596901e-7	1.62570482322815e-8	0.999999717930007	8.9297596500757e-8
41 0.510609868643592	3.48098808778133e-6	0.0497579070194363	0.439628743348885
42 3.65128138695979e-6	0.999989046155841	3.65128138695979e-6	3.65128138695979e-6
43 3.65128138695979e-6	0.99998904615584	3.65128138695979e-6	3.65128138695979e-6
44 0.49870936709704	1.18411471961878e-5	6.10047989860813e-6	0.501272691275867
45 8.46051482021473e-12	2.80022921036903e-11	2.35368383137194e-11	0.999999999940002
46 5.81458033266154e-7	2.03977987456802e-6	0.877977591089295	0.122019787672799
47 2.46022047917265e-11	5.76158189743122e-12	0.999999999956994	1.26429653826652e-11
48 3.65128138695979e-6	0.999989046155841	3.65128138695979e-6	3.65128138695979e-6
49 0.99998904615584	3.65128138695979e-6	3.65128138695979e-6	3.65128138695979e-6
50 2.96798691155928e-6	0.390821785325644	0.584911169428905	0.02426407725854
51 1.06439530337455e-9	9.10398519984596e-9	1.42062595420463e-9	0.999999988410995
52 3.65128138695979e-6	0.99998904615584	3.65128138695979e-6	3.65128138695979e-6
53 0.99998904615584	3.65128138695979e-6	3.65128138695979e-6	3.65128138695979e-6
54 3.65128138695979e-6	3.65128138695979e-6	0.99998904615584	3.65128138695979e-6
55 0.99998904615584	3.65128138695979e-6	3.65128138695979e-6	3.65128138695979e-6
56 1.45012647535054e-11	0.999999577865302	4.58415249879171e-12	4.22115612960979e-7
57 0.99999925978719	2.34897679165654e-11	7.40184575334939e-7	4.74585691366494e-12
58 1.03584748235075e-12	0.999999815156323	7.60268358041668e-12	1.8483503929944e-7
59 8.42377191066105e-13	6.53018281011969e-12	0.999999999991175	1.45297292415979e-12
60 0.999999622952521	2.07236476654487e-11	3.77011318649944e-7	1.54377601979657e-11
61 3.65128138695979e-6	3.65128138695979e-6	3.65128138695979e-6	0.99998904615584
62 3.65128138695979e-6	0.99998904615584	3.65128138695979e-6	3.65128138695979e-6
63 4.04061104136448e-6	0.40501175429839	0.594981723876066	2.48121450350147e-6
64 0.999999536199497	2.40790254311345e-8	4.21404632386109e-7	1.83168461057437e-8
65 5.56800255911987e-7	4.83374987539796e-12	0.999999443192185	2.7274369896698e-12
66 4.99526887067813e-13	0.999999989664134	2.52051840865351e-12	1.0332847521515e-8
67 1.05341377167816e-11	4.76096745802812e-11	2.02970391943826e-11	0.999999999921561
68 3.65128138695979e-6	3.65128138695979e-6	3.65128138695979e-6	0.999989046155841
69 1.37358791582322e-11	0.999999707825856	9.27952897681961e-12	2.92151130748003e-7
70 5.51623247711813e-11	1.04094936232951e-11	0.99999999991668	1.77497189852634e-11
71 3.65128138695979e-6	3.65128138695979e-6	3.65128138695979e-6	0.999989046155841
72 3.65128138695979e-6	0.999989046155841	3.65128138695979e-6	3.65128138695979e-6
73 0.999989046155841	3.65128138695979e-6	3.65128138695979e-6	3.65128138695979e-6
74 3.65128138695979e-6	3.65128138695979e-6	0.999989046155841	3.65128138695979e-6
75 8.34688292487474e-8	5.27133439682109e-7	1.87134702829365e-7	0.99999920226303
76 3.65128138695979e-6	3.65128138695979e-6	3.65128138695979e-6	0.999989046155841
77 1.64770000728031e-11	0.99999980784651	4.53084268136148e-12	1.92132483853661e-7
78 9.48666334872106e-12	2.67622608372359e-6	1.37692018289364e-12	0.999997323763054
79 0.999989046155841	3.65128138695979e-6	3.65128138695979e-6	3.65128138695979e-6
80 3.65128138695979e-6	3.65128138695979e-6	3.65128138695979e-6	0.999989046155841
81 3.65128138695979e-6	3.65128138695979e-6	0.999989046155841	3.65128138695979e-6
82 3.65128138695979e-6	3.65128138695979e-6	0.999989046155841	3.65128138695979e-6
83 3.65128138695979e-6	3.65128138695979e-6	3.65128138695979e-6	0.999989046155841
84 2.48308230060595e-11	4.56797374789166e-12	0.999999999958258	1.23453306577161e-11
85 0.999999641596893	1.89327545758772e-11	3.58373065772927e-7	1.11106124566963e-11
86 3.65128138695979e-6	0.999989046155841	3.65128138695979e-6	3.65128138695979e-6
87 0.999989046155841	3.65128138695979e-6	3.65128138695979e-6	3.65128138695979e-6
88 3.65128138695979e-6	3.65128138695979e-6	0.99998904615584	3.65128138695979e-6
89 0.999989046155841	3.65128138695979e-6	3.65128138695979e-6	3.65128138695979e-6
90 7.9411490713304e-12	3.1859516953815e-11	1.90453742916056e-11	0.999999999941156
91 1.11564969345726e-11	0.999999688821619	2.8314951390429e-12	3.11164394457747e-7
92 0.999989046155841	3.65128138695979e-6	3.65128138695979e-6	3.65128138695979e-6
93 3.65128138695979e-6	0.999989046155841	3.65128138695979e-6	3.65128138695979e-6
94 0.999989046155841	3.65128138695979e-6	3.65128138695979e-6	3.65128138695979e-6
95 3.65128138695979e-6	3.65128138695979e-6	3.65128138695979e-6	0.999989046155841
96 3.65128138695979e-6	3.65128138695979e-6	0.999989046155841	3.65128138695979e-6
97 1.03644439315948e-6	8.75264385207504e-12	0.999998963518661	2.81946068681853e-11
98 2.95331201661752e-11	7.20468685889698e-12	0.99999999994598	1.72840583336712e-11
99 0.999989046155841	3.65128138695979e-6	3.65128138695979e-6	3.65128138695979e-6
100 0.999998881121116	2.04450719542897e-7	6.94815534916327e-7	2.19612631709348e-7
101 3.65128138695979e-6	3.65128138695979e-6	0.999989046155841	3.65128138695979e-6
102 0.999989046155841	3.65128138695979e-6	3.65128138695979e-6	3.65128138695979e-6
103 1.51232621212717e-11	0.999999378500139	7.57251544011918e-12	6.21477167473363e-7
104 2.33527067181158e-11	1.0746988894942e-11	0.999999999950857	1.50453294425316e-11
105 0.999989046155841	3.65128138695979e-6	3.65128138695979e-6	3.65128138695979e-6
106 0.999999043209416	2.09752827312025e-11	9.56751837246676e-7	1.77731594496827e-11
107 5.14762422204928e-13	2.45779672849759e-12	0.999999999996467	5.62399894443216e-13
108 5.08016302620987e-12	1.44490136305489e-6	1.23223686846493e-12	0.999998555092326
109 2.91287797498515e-11	4.75722985955143e-12	0.999999999957327	8.78778607516743e-12
110 8.56328746846012e-13	0.99999986992872	4.36420207887596e-12	1.30066059944829e-7
111 4.80398192249967e-12	1.9148812920627e-5	1.73143531185017e-11	0.999980851164961
112 9.59503266751074e-13	3.12645773561566e-12	0.999999999995308	6.06207326955885e-13
113 2.84099050355907e-12	1.77640692253892e-11	1.97489214498016e-11	0.999999999959646
114 0.999999311124896	1.99591241352364e-11	6.88851790188826e-7	3.35461309611502e-12
115 0.16473069718608	0.813392244253207	3.93870760861244e-6	0.0218731198531045
116 1.36647707391748e-11	8.0561415353405e-5	5.13875448993952e-11	0.999919438519594
117 3.36177845188892e-11	1.43311151344591e-10	6.63748205992321e-11	0.999999999756696
118 3.65128138695979e-6	3.65128138695979e-6	3.65128138695979e-6	0.999989046155839
