0 0.995161037495907	4.30249197646072e-5	0.00475947935038629	3.64582339423406e-5
1 1.49757727260757e-6	2.00767460776016e-5	0.999976219009017	2.20666763212394e-6
2 8.81061419354114e-5	0.26898895905982	0.00121213868100965	0.729710796117235
3 2.83356146833084e-5	0.00026103829956445	0.000337730273687972	0.999372895812064
4 0.994947144618827	0.000487590810320312	0.00453759029936613	2.76742714860569e-5
5 1.75930851417714e-6	0.999796417197249	2.81340490906312e-5	0.000173689445146861
6 0.0170453159570474	0.000460163064272315	0.9824161805687	7.83404099805343e-5
7 2.1765960116768e-6	4.21948296019535e-5	0.999952472047272	3.15652711448621e-6
8 7.41114785486458e-6	0.997939700863033	2.54002527758638e-5	0.00202748773633612
9 0.00783302619393276	0.976500921418202	0.00783302619393276	0.00783302619393276
10 0.976500921418202	0.00783302619393276	0.00783302619393276	0.00783302619393276
11 0.00783302619393276	0.00783302619393276	0.00783302619393276	0.976500921418202
12 0.00783302619393276	0.00783302619393276	0.00783302619393276	0.976500921418202
13 6.49989024352919e-6	0.999562291304173	3.65010945570521e-5	0.000394707711026493
14 5.90740366899749e-6	0.999123380945817	1.00067463286401e-5	0.000860704904185034
15 0.00783302619393275	0.00783302619393275	0.00783302619393275	0.976500921418202
16 0.00121301744796212	0.733401303196663	0.00959442879823379	0.255791250557142
17 0.997332395053378	0.000205140016959561	0.00242961549598184	3.28494336803587e-5
18 8.85745276574597e-7	2.32075901823811e-5	0.999972892397071	3.01426747061645e-6
19 0.998023627353568	0.000163750308915389	0.00178059924881874	3.20230886988139e-5
20 6.0303598535916e-6	3.17370194478027e-5	0.999948474458357	1.375816234212e-5
21 0.976500921418202	0.00783302619393275	0.00783302619393275	0.00783302619393275
22 0.00783302619393275	0.976500921418202	0.00783302619393275	0.00783302619393275
23 0.00783302619393275	0.00783302619393275	0.00783302619393275	0.976500921418202
24 0.988470717540454	0.000115269952522067	0.0113684894327939	4.55230742302365e-5
25 0.135763517157153	0.805406991048205	0.0560384373879985	0.00279105440664328
26 0.976500921418202	0.00783302619393275	0.00783302619393275	0.00783302619393275
27 0.00783302619393275	0.976500921418202	0.00783302619393275	0.00783302619393275
28 1.06644966570921e-5	0.999273254099318	5.83891730767213e-5	0.000657692230948414
29 0.000416544781073369	0.66242635305334	0.328401577467381	0.00875552469820676
30 4.61536010414175e-5	0.221926175420384	0.000706145002651355	0.777321525975923
31 0.999011687713693	5.25485602425807e-5	0.000911712760917766	2.40509651466133e-5
32 2.10752022584673e-5	9.02641745241048e-5	0.000115670985076904	0.99977298963814
33 6.42429934299209e-6	0.999020217341672	2.08608795526731e-5	0.00095249747943218
34 0.00783302619393274	0.00783302619393274	0.00783302619393274	0.976500921418202
35 0.00783302619393274	0.976500921418202	0.00783302619393274	0.00783302619393274
36 0.976500921418202	0.00783302619393274	0.00783302619393274	0.00783302619393274
37 0.00783302619393274	0.00783302619393274	0.00783302619393274	0.976500921418202
38 0.00783302619393274	0.00783302619393274	0.00783302619393274	0.976500921418202
39 0.00783302619393274	0.976500921418202	0.00783302619393274	0.00783302619393274
40 3.98732319749497e-6	1.86233531199739e-5	0.999968727383353	8.66194032898179e-6
41 0.998473932285167	9.8980897315115e-5	0.00138932143184105	3.7765385676173e-5
42 0.00783302619393275	0.00783302619393275	0.00783302619393275	0.976500921418202
43 0.00783302619393275	0.976500921418202	0.00783302619393275	0.00783302619393275
44 1.66395896328694e-5	4.75446240110929e-5	5.99595862476396e-5	0.999875856200108
45 0.0161661930258965	0.000690533846561374	0.98308150837041	6.17647571317291e-5
46 0.000370896636064017	0.325414285092471	0.670810981115492	0.00340383715597261
47 1.23292877078031e-5	5.18144850864486e-5	0.999918616976322	1.72392508836456e-5
48 0.976500921418201	0.00783302619393275	0.00783302619393275	0.00783302619393275
49 0.976500921418201	0.00783302619393275	0.00783302619393275	0.00783302619393275
50 0.00145450941487568	0.00522669206226858	0.806740005708226	0.18657879281463
51 3.78721346674337e-5	0.000144977882492056	0.000122919453520126	0.99969423052932
52 0.00783302619393275	0.00783302619393275	0.00783302619393275	0.976500921418202
53 0.976500921418201	0.00783302619393275	0.00783302619393275	0.00783302619393275
54 0.976500921418201	0.00783302619393275	0.00783302619393275	0.00783302619393275
55 0.00783302619393275	0.00783302619393275	0.976500921418202	0.00783302619393275
56 7.51716113602683e-6	0.999267167559547	3.79777782132827e-5	0.000687337501103862
57 2.35854652666746e-5	0.000456042127334211	0.000172187932347512	0.999348184475052
58 1.95224697843346e-6	0.999825466228771	2.42696106745436e-5	0.000148311913576594
59 2.64457396904177e-5	0.000266019432460452	0.000211543710948793	0.999495991116901
60 0.255054047666275	0.00850030736896443	0.734138508882725	0.00230713608203656
61 0.976500921418202	0.00783302619393276	0.00783302619393276	0.00783302619393276
62 0.00783302619393276	0.976500921418202	0.00783302619393276	0.00783302619393276
63 6.17652661047996e-6	8.78825353670549e-6	0.999977909285237	7.12593461598286e-6
64 8.83120139149947e-6	3.15710400221755e-5	0.99994816777742	1.14299811662868e-5
65 0.00276769237943948	4.01459201929431e-5	0.997177756935808	1.4404764559488e-5
66 3.85966398150104e-6	0.999926925039998	5.35670975620507e-5	1.56481984582721e-5
67 1.99575177037772e-5	9.78557508497268e-5	0.999849856502768	3.23302286786084e-5
68 0.00783302619393276	0.00783302619393276	0.00783302619393276	0.976500921418202
69 2.01571038561063e-5	0.998761166500517	0.000110175560561846	0.00110850083506438
70 1.97322775188745e-5	9.12142216323857e-5	0.999859958845702	2.90946551473331e-5
71 0.00783302619393275	0.00783302619393275	0.00783302619393275	0.976500921418202
72 0.00783302619393275	0.976500921418201	0.00783302619393275	0.00783302619393275
73 0.976500921418201	0.00783302619393275	0.00783302619393275	0.00783302619393275
74 0.00783302619393275	0.00783302619393275	0.976500921418202	0.00783302619393275
75 0.0017822516291557	0.00366684605552478	0.00243637732603285	0.992114524989286
76 0.976500921418201	0.00783302619393275	0.00783302619393275	0.00783302619393275
77 1.08771190802734e-5	0.999419836215574	4.66856298275366e-5	0.000522601035517572
78 1.66818267266651e-5	0.0222096445896503	2.83063379189111e-5	0.977745367245703
79 0.976500921418201	0.00783302619393274	0.00783302619393274	0.00783302619393274
80 0.00783302619393274	0.00783302619393274	0.00783302619393274	0.976500921418201
81 0.976500921418201	0.00783302619393274	0.00783302619393274	0.00783302619393274
82 0.00783302619393274	0.00783302619393274	0.976500921418201	0.00783302619393274
83 0.976500921418201	0.00783302619393274	0.00783302619393274	0.00783302619393274
84 0.00109887445137961	0.202371419081577	0.767545856806376	0.028983849660667
85 1.13678962049772e-5	4.45438696459083e-5	0.999929223493545	1.48647406032107e-5
86 0.00783302619393274	0.00783302619393274	0.976500921418201	0.00783302619393274
87 0.00783302619393274	0.00783302619393274	0.00783302619393274	0.976500921418201
88 0.00783302619393274	0.00783302619393274	0.976500921418201	0.00783302619393274
89 0.976500921418201	0.00783302619393274	0.00783302619393274	0.00783302619393274
90 9.38441885364052e-6	0.999387252530729	5.00239744094154e-5	0.000553339076007812
91 0.00106831082666656	0.689979495419105	0.230287046835818	0.0786651469184092
92 0.00783302619393274	0.00783302619393274	0.976500921418201	0.00783302619393274
93 0.00783302619393275	0.00783302619393275	0.00783302619393275	0.976500921418201
94 0.976500921418201	0.00783302619393274	0.00783302619393274	0.00783302619393274
95 0.00783302619393274	0.00783302619393274	0.00783302619393274	0.9765009214182
96 0.00783302619393274	0.00783302619393274	0.976500921418201	0.00783302619393274
97 0.00472548552768292	2.46183566994862e-5	0.995229525850536	2.03702650812078e-5
98 9.92595863757383e-6	4.65093406524876e-5	0.999932511130283	1.10535704258706e-5
99 0.976500921418201	0.00783302619393274	0.00783302619393274	0.00783302619393274
100 0.990785774141769	0.00252564428959043	0.00408512590910125	0.00260345565953833
101 0.00783302619393275	0.00783302619393275	0.00783302619393275	0.976500921418202
102 0.976500921418202	0.00783302619393275	0.00783302619393275	0.00783302619393275
103 1.89658677184188e-5	0.998387510259323	0.000101342854595118	0.00149218101836318
104 1.97102975431336e-5	9.92805134158537e-5	0.999849956918105	3.10522709362068e-5
105 0.976500921418202	0.00783302619393276	0.00783302619393276	0.00783302619393276
106 2.03978765677085e-5	0.998681775689034	0.0001097879688599	0.00118803846553851
107 4.5920910392491e-6	5.28655902332874e-5	0.999937981147417	4.56117131027528e-6
108 1.24356463009457e-5	0.0130348779229257	4.21149494660198e-5	0.986910571481307
109 6.07940282090749e-6	2.42147420925632e-5	0.999961109147928	8.59670715866688e-6
110 3.14116931940189e-6	0.999771987983841	4.22101873970324e-5	0.00018266065944224
111 6.47662732797664e-5	0.121588607010792	0.000473737200972983	0.877872889514955
112 3.99078937668014e-6	2.75953625638482e-5	0.999966115853019	2.29799504101251e-6
113 2.18585941897977e-5	0.000387425474905912	0.000493406487616539	0.999097309443288
114 0.996888050693587	0.000333063749056906	0.00274588341804173	3.30021393146432e-5
115 0.0119161119378774	0.00119122170094538	0.986783643239177	0.000109023122000028
116 1.69274130598477e-6	0.999931740753807	2.05906724037213e-5	4.59758324829315e-5
117 2.89806003355351e-5	0.000143838952962655	5.0502384235323e-5	0.999776678062467
118 0.00783302619393276	0.00783302619393276	0.00783302619393276	0.976500921418202
