0 0.995334605471975	0.000955047454731084	0.00273451146572029	0.000975835607574039
1 0.405410316638822	0.0164894611890738	0.075794361040189	0.502305861131915
2 0.000784962196580587	0.995966353789273	0.000685276512005544	0.00256340750214036
3 0.424819997796475	0.0234815749309613	0.0142979054624283	0.537400521810135
4 0.0281785335498801	0.0118795685570519	0.463228605616298	0.496713292276769
5 0.000522627592437914	0.997573106702092	0.000488380045252048	0.00141588566021819
6 0.28297354287092	0.307826097458542	0.401810187919144	0.00739017175139291
7 0.00183218724227868	0.000585527419844809	0.996822958206807	0.000759327131068935
8 0.000647904694788283	0.987464359589288	0.000484702216988943	0.0114030334989342
9 0.0273014498718419	0.918095650384474	0.0273014498718419	0.0273014498718419
10 0.918095650384472	0.027301449871842	0.027301449871842	0.027301449871842
11 0.027301449871842	0.027301449871842	0.027301449871842	0.918095650384473
12 0.918095650384473	0.027301449871842	0.027301449871842	0.027301449871842
13 0.000542143389280305	0.997459983020585	0.000500346695889711	0.00149752689424365
14 0.99599101994336	0.0011965407481851	0.00177062403109262	0.00104181527736096
15 0.0273014498718419	0.0273014498718419	0.0273014498718419	0.918095650384473
16 0.491584226642045	0.0274368925681281	0.0166262210455992	0.464352659744227
17 0.000872154563292509	0.996487643464019	0.000823832054356799	0.00181636991833042
18 0.000803049992336942	0.99645230713984	0.000733401618613357	0.00201124124920891
19 0.995939059374795	0.000999716086491709	0.00201929288979295	0.00104193164891872
20 0.0021930150524773	0.00053205563850223	0.996595138676601	0.000679790632417654
21 0.918095650384473	0.027301449871842	0.027301449871842	0.027301449871842
22 0.918095650384473	0.027301449871842	0.027301449871842	0.027301449871842
23 0.918095650384473	0.027301449871842	0.027301449871842	0.027301449871842
24 0.943421479666608	0.00108088540734431	0.0532033189123888	0.00229431601365719
25 0.00625000087370646	0.243678296377145	0.00471255752902243	0.745359145220125
26 0.918095650384472	0.027301449871842	0.027301449871842	0.027301449871842
27 0.027301449871842	0.918095650384472	0.027301449871842	0.027301449871842
28 0.000568384897220669	0.997256800881763	0.000512186395432092	0.00166262782558209
29 0.0154075262708689	0.44164387344107	0.516604180922022	0.0263444193660369
30 0.0011320622405275	0.000614456490517429	0.997544523580431	0.000708957688521854
31 0.997339419888502	0.000568777939370205	0.00149930962777748	0.000592492544348037
32 0.000483510928598855	0.00122402448761401	0.000542953598315894	0.997749510985469
33 0.00051566493756794	0.997592076171192	0.000479136335159408	0.0014131225560781
34 0.027301449871842	0.918095650384472	0.027301449871842	0.027301449871842
35 0.0273014498718419	0.918095650384472	0.0273014498718419	0.0273014498718419
36 0.0273014498718419	0.0273014498718419	0.918095650384472	0.0273014498718419
37 0.027301449871842	0.027301449871842	0.027301449871842	0.918095650384472
38 0.027301449871842	0.918095650384472	0.027301449871842	0.027301449871842
39 0.0273014498718419	0.918095650384472	0.0273014498718419	0.0273014498718419
40 0.000970826857144654	0.000476499218004967	0.998011275850292	0.000541398074556508
41 0.997130715329131	0.000568814707261779	0.0017097289550095	0.000590741008595879
42 0.0273014498718419	0.0273014498718419	0.0273014498718419	0.918095650384472
43 0.0273014498718419	0.918095650384472	0.0273014498718419	0.0273014498718419
44 0.000535080219202956	0.00107387481739599	0.00055969677903411	0.997831348184365
45 0.000669472747200988	0.997048744306296	0.000624759836685834	0.00165702310981479
46 0.0138515606990349	0.497875569303085	0.457909027789515	0.0303638422083636
47 0.00114654000422859	0.000510375535404071	0.997742867331766	0.000600217128599344
48 0.918095650384472	0.0273014498718419	0.0273014498718419	0.0273014498718419
49 0.918095650384473	0.0273014498718419	0.0273014498718419	0.0273014498718419
50 0.185088474916847	0.00674148942902149	0.802677775782129	0.00549225987200138
51 0.00139737567063912	0.936282370276062	0.00166396484886296	0.060656289204434
52 0.027301449871842	0.918095650384472	0.027301449871842	0.027301449871842
53 0.918095650384473	0.027301449871842	0.027301449871842	0.027301449871842
54 0.918095650384474	0.027301449871842	0.027301449871842	0.027301449871842
55 0.918095650384473	0.027301449871842	0.027301449871842	0.027301449871842
56 0.000611802565862263	0.995968717730496	0.000523638063636122	0.00289584164000469
57 0.00085533397120559	0.0014932768793402	0.000977476726591076	0.996673912422862
58 0.00141066985740768	0.000727330348124924	0.997010446773534	0.000851553020932395
59 0.00131410207571855	0.000819764185099642	0.99694540366057	0.000920730078610557
60 0.491951269147576	0.0254222060887223	0.01794575384918	0.46468077091452
61 0.918095650384473	0.027301449871842	0.027301449871842	0.027301449871842
62 0.918095650384472	0.0273014498718419	0.0273014498718419	0.0273014498718419
63 0.000946276968623361	0.00130173196979577	0.00118072982585796	0.996571261235722
64 0.00103991262082678	0.000497733663404265	0.997892380350994	0.000569973364773368
65 0.0905420376338563	0.211542459453272	0.273166643501692	0.424748859411178
66 0.000547263664850985	0.997155832115518	0.000491364051071471	0.00180554016855826
67 0.00078076172498617	0.995949988329657	0.000692575411710666	0.00257667453364561
68 0.027301449871842	0.027301449871842	0.027301449871842	0.918095650384474
69 0.996124341748596	0.000918174994428226	0.00220901126218867	0.000748471994786398
70 0.00388778363140359	0.00056979534938552	0.99475635897045	0.000786062048759608
71 0.027301449871842	0.027301449871842	0.027301449871842	0.918095650384473
72 0.027301449871842	0.918095650384474	0.027301449871842	0.027301449871842
73 0.918095650384473	0.027301449871842	0.027301449871842	0.027301449871842
74 0.027301449871842	0.027301449871842	0.918095650384473	0.027301449871842
75 0.000453856869135118	0.00111368840312739	0.000497771224151493	0.997934683503585
76 0.918095650384474	0.0273014498718419	0.0273014498718419	0.0273014498718419
77 0.000593675769419781	0.997304472881336	0.000500750867436692	0.00160110048180705
78 9.37044605468579e-5	0.00246963582514871	4.09415049534803e-5	0.99739571820935
79 0.918095650384473	0.027301449871842	0.027301449871842	0.027301449871842
80 0.027301449871842	0.918095650384473	0.027301449871842	0.027301449871842
81 0.027301449871842	0.027301449871842	0.918095650384473	0.027301449871842
82 0.027301449871842	0.027301449871842	0.918095650384473	0.027301449871842
83 0.027301449871842	0.027301449871842	0.027301449871842	0.918095650384473
84 0.00123722090286762	0.000541123986459956	0.99758111189651	0.000640543214162355
85 0.00108191537407658	0.000504654688928701	0.99783046558596	0.000582964351033742
86 0.027301449871842	0.027301449871842	0.918095650384473	0.027301449871842
87 0.027301449871842	0.027301449871842	0.918095650384474	0.027301449871842
88 0.027301449871842	0.027301449871842	0.918095650384473	0.027301449871842
89 0.027301449871842	0.918095650384473	0.027301449871842	0.027301449871842
90 0.00055436533046547	0.997389359877016	0.000507667775742284	0.00154860701677601
91 0.000607064170623231	0.997026211907472	0.000544064799060775	0.00182265912284309
92 0.918095650384473	0.027301449871842	0.027301449871842	0.027301449871842
93 0.027301449871842	0.918095650384473	0.027301449871842	0.027301449871842
94 0.027301449871842	0.027301449871842	0.918095650384473	0.027301449871842
95 0.027301449871842	0.027301449871842	0.027301449871842	0.918095650384473
96 0.027301449871842	0.027301449871842	0.027301449871842	0.918095650384473
97 0.00258151961106336	8.24876119391754e-5	0.996749758412588	0.000586234364408111
98 0.00108502966775623	0.000498142641268052	0.997796097284313	0.000620730406661781
99 0.918095650384473	0.0273014498718419	0.0273014498718419	0.0273014498718419
100 0.997380144046871	0.000506536977735217	0.00156207689274701	0.000551242082645783
101 0.027301449871842	0.027301449871842	0.027301449871842	0.918095650384473
102 0.027301449871842	0.027301449871842	0.918095650384473	0.027301449871842
103 0.000707616226642588	0.993838945690478	0.000564064951432367	0.00488937313144627
104 0.00069027993929112	0.0015582183978363	0.000910465027814667	0.996841036635057
105 0.918095650384472	0.027301449871842	0.027301449871842	0.027301449871842
106 0.0016393603919758	0.000687614986305854	0.99683776809413	0.000835256527587324
107 0.00117206333649479	0.000489587316285807	0.997757817893808	0.000580531453409857
108 0.208047823661129	0.102657510173418	0.413911149525983	0.275383516639468
109 0.00522753663282876	0.000499327604726996	0.993495156264709	0.000777979497734039
110 0.000707260999806682	0.99593917598293	0.000586069113703274	0.00276749390355945
111 0.0104080886863839	0.0134216501988005	0.213583242125681	0.762587018989135
112 0.000973771641826367	0.000485641515378611	0.997992102939859	0.000548483902935472
113 0.413474110562476	0.542659829835094	0.0256828012670944	0.0181832583353358
114 0.562205441747107	0.02137380831741	0.0154646585609181	0.400956091374565
115 0.00169282961911706	0.000685126857381183	0.996783339935174	0.000838703588327379
116 0.392711591249054	0.0185329611329198	0.0378987542381129	0.550856693379913
117 0.000694779144610134	0.00193463980175417	0.000906744129746628	0.996463836923889
118 0.027301449871842	0.027301449871842	0.027301449871842	0.918095650384474
