0 0.997491551581614	4.54956493874854e-5	0.0024212585452737	4.1694223725317e-5
1 5.75155526884834e-6	2.91176854927049e-5	0.999957955121348	7.17563789055107e-6
2 0.000213742708981688	0.228704400170158	0.00113043820107255	0.769951418919788
3 3.31967866386755e-5	0.000136538689724663	0.000157559392503566	0.999672705131134
4 0.997819605619509	0.000192800450280257	0.00195588094519743	3.17129850141034e-5
5 5.28797968223202e-6	0.999742687518956	3.18007248827553e-5	0.000220223776479276
6 0.0128525102146508	0.00016681088858886	0.986927678609564	5.30002871962845e-5
7 7.05784400990359e-6	4.32861973105764e-5	0.999941056459368	8.59949931159092e-6
8 1.32568079635128e-5	0.997322978387232	2.98000795288658e-5	0.00263396472527569
9 0.00879216646985433	0.973623500590438	0.00879216646985433	0.00879216646985433
10 0.973623500590438	0.00879216646985432	0.00879216646985432	0.00879216646985432
11 0.00879216646985432	0.00879216646985432	0.00879216646985432	0.973623500590437
12 0.00879216646985432	0.00879216646985432	0.00879216646985432	0.973623500590437
13 1.21788079060448e-5	0.999562143666226	3.7043025078609e-5	0.000388634500789262
14 1.22329527062974e-5	0.999325310427716	1.71947441578935e-5	0.000645261875420642
15 0.00879216646985433	0.00879216646985433	0.00879216646985433	0.973623500590438
16 0.0021478250273361	0.66053441217355	0.00789060264169954	0.329427160157415
17 0.998231296179772	0.000128188134765886	0.00160266972165796	3.7845963804714e-5
18 4.09618945386886e-6	3.27918299362515e-5	0.999954755796743	8.3561838674718e-6
19 0.998727348058604	0.000112640712025856	0.00111894952621491	4.10617031552361e-5
20 1.29793632840155e-5	3.45670846065027e-5	0.999934542753771	1.79107983382385e-5
21 0.973623500590438	0.00879216646985433	0.00879216646985433	0.00879216646985433
22 0.00879216646985433	0.973623500590437	0.00879216646985433	0.00879216646985433
23 0.00879216646985433	0.00879216646985433	0.00879216646985433	0.973623500590438
24 0.989293687347737	7.69059978863182e-5	0.0105858837235416	4.35229308347487e-5
25 0.205893323153799	0.748569392356231	0.0422051232239957	0.00333216126597416
26 0.973623500590437	0.00879216646985432	0.00879216646985432	0.00879216646985432
27 0.00879216646985432	0.973623500590436	0.00879216646985432	0.00879216646985432
28 1.68995021210119e-5	0.999353895278991	5.1128602034123e-5	0.000578076616853147
29 0.00107857055325008	0.588789286076337	0.398442812991768	0.011689330378644
30 0.000150149622362894	0.203829090503197	0.000934288666595977	0.795086471207843
31 0.999263249607174	4.61196969458899e-5	0.000663431753533503	2.71989423459842e-5
32 2.5780289137651e-5	6.73278110416363e-5	7.33580745532134e-5	0.999833533825266
33 1.18389631536403e-5	0.999310025030395	2.58843133147223e-5	0.000652251693136032
34 0.00879216646985433	0.00879216646985433	0.00879216646985433	0.973623500590436
35 0.00879216646985433	0.973623500590437	0.00879216646985433	0.00879216646985433
36 0.973623500590436	0.00879216646985433	0.00879216646985433	0.00879216646985433
37 0.00879216646985432	0.00879216646985432	0.00879216646985432	0.973623500590436
38 0.00879216646985433	0.00879216646985433	0.00879216646985433	0.973623500590437
39 0.00879216646985433	0.973623500590437	0.00879216646985433	0.00879216646985433
40 9.54025243491617e-6	2.41328229830073e-5	0.999952730207572	1.35967170090543e-5
41 0.998966060787408	6.64315930405762e-5	0.00093478318684529	3.27244327050105e-5
42 0.00879216646985432	0.00879216646985432	0.00879216646985432	0.973623500590436
43 0.00879216646985432	0.973623500590436	0.00879216646985432	0.00879216646985432
44 2.3252333020356e-5	4.58814485388255e-5	5.00358803291389e-5	0.999880830338111
45 0.037568671194161	0.000910303841186351	0.961346890501692	0.000174134462960348
46 0.000957162291510307	0.393883731944399	0.599521454253286	0.00563765151080458
47 1.98336606792171e-5	4.74423859016441e-5	0.999912133047715	2.05909057034351e-5
48 0.973623500590436	0.00879216646985432	0.00879216646985432	0.00879216646985432
49 0.973623500590435	0.00879216646985432	0.00879216646985432	0.00879216646985432
50 0.002396792934845	0.00514768729436477	0.749233651037267	0.243221868733523
51 3.86888013165465e-5	0.000101602679333539	8.16557499248521e-5	0.999778052769425
52 0.00879216646985432	0.00879216646985432	0.00879216646985432	0.973623500590437
53 0.973623500590436	0.00879216646985433	0.00879216646985433	0.00879216646985433
54 0.973623500590437	0.00879216646985432	0.00879216646985432	0.00879216646985432
55 0.00879216646985433	0.00879216646985433	0.973623500590437	0.00879216646985433
56 1.37524101668324e-5	0.999190670845352	3.87074619368405e-5	0.000756869282544406
57 3.41429649027965e-5	0.000208055329947832	0.000119559449074969	0.999638242256075
58 6.85905759109032e-6	0.999719190179403	3.42889557064966e-5	0.000239661807300093
59 3.34175271062791e-5	0.000160014382145239	0.000132616558683658	0.999673951532065
60 0.329336943477846	0.00726150097308504	0.660624751925168	0.00277680362390066
61 0.973623500590438	0.00879216646985433	0.00879216646985433	0.00879216646985433
62 0.00879216646985433	0.973623500590437	0.00879216646985433	0.00879216646985433
63 1.36867090674303e-5	1.58996754157695e-5	0.999956882059107	1.35315564107778e-5
64 1.6115661023103e-5	3.41075878449876e-5	0.999934659325808	1.51174253235297e-5
65 0.00135521852190587	1.13283719825327e-5	0.998627562773579	5.89033253337098e-6
66 8.75227415470084e-6	0.999894377805385	4.76100158333276e-5	4.92599046278449e-5
67 2.87431236919084e-5	8.23244913577694e-5	0.999850680169699	3.82522152515713e-5
68 0.00879216646985433	0.00879216646985433	0.00879216646985433	0.973623500590437
69 2.94330475849987e-5	0.999138964346871	9.16629744407035e-5	0.000739939631104191
70 2.80085186147124e-5	6.90614628753226e-5	0.999872378231185	3.05517873255792e-5
71 0.00879216646985433	0.00879216646985433	0.00879216646985433	0.973623500590438
72 0.00879216646985433	0.973623500590438	0.00879216646985433	0.00879216646985433
73 0.973623500590437	0.00879216646985433	0.00879216646985433	0.00879216646985433
74 0.00879216646985433	0.00879216646985433	0.973623500590438	0.00879216646985433
75 0.00023888164351282	0.00131781340787792	0.000489795550713203	0.997953509397897
76 0.973623500590438	0.00879216646985433	0.00879216646985433	0.00879216646985433
77 1.66864137010921e-5	0.999454367633148	4.36857869175054e-5	0.000485260166234342
78 8.84940077620833e-6	0.00649927212060875	1.23700312407595e-5	0.993479508447375
79 0.973623500590437	0.00879216646985433	0.00879216646985433	0.00879216646985433
80 0.00879216646985433	0.00879216646985433	0.00879216646985433	0.973623500590438
81 0.973623500590438	0.00879216646985433	0.00879216646985433	0.00879216646985433
82 0.00879216646985433	0.00879216646985433	0.973623500590438	0.00879216646985433
83 0.973623500590437	0.00879216646985433	0.00879216646985433	0.00879216646985433
84 0.00195008572861138	0.27109765035728	0.703260273878532	0.0236919900355775
85 1.95699735693702e-5	4.33796804744615e-5	0.999918083417043	1.89669289142168e-5
86 0.00879216646985433	0.00879216646985433	0.973623500590438	0.00879216646985433
87 0.00879216646985433	0.00879216646985433	0.00879216646985433	0.973623500590438
88 0.00879216646985433	0.00879216646985433	0.973623500590438	0.00879216646985433
89 0.973623500590438	0.00879216646985433	0.00879216646985433	0.00879216646985433
90 1.57301352057387e-5	0.999442526241504	4.6611548272756e-5	0.000495132075018088
91 0.00181668220086434	0.652019614109036	0.292974967496243	0.0531887361938568
92 0.00879216646985432	0.00879216646985432	0.973623500590437	0.00879216646985432
93 0.00879216646985433	0.00879216646985433	0.00879216646985433	0.973623500590438
94 0.973623500590438	0.00879216646985433	0.00879216646985433	0.00879216646985433
95 0.00879216646985433	0.00879216646985433	0.00879216646985433	0.973623500590438
96 0.00879216646985432	0.00879216646985432	0.973623500590438	0.00879216646985432
97 0.00251716113282364	1.12734631694793e-5	0.997461555882474	1.00095215337007e-5
98 1.69623758625381e-5	4.3294068220122e-5	0.999922656903401	1.70866525180067e-5
99 0.973623500590438	0.00879216646985433	0.00879216646985433	0.00879216646985433
100 0.997171939454196	0.000531180053566651	0.00172501486865196	0.000571865623586053
101 0.00879216646985433	0.00879216646985433	0.00879216646985433	0.973623500590438
102 0.973623500590438	0.00879216646985433	0.00879216646985433	0.00879216646985433
103 2.52833191358918e-5	0.998357954512883	7.43165588368161e-5	0.00154244560914512
104 2.78539509011229e-5	8.53519620960144e-5	0.999851043195015	3.57508919888113e-5
105 0.973623500590437	0.00879216646985432	0.00879216646985432	0.00879216646985432
106 3.03215869777262e-5	0.999002394194374	9.024618755252e-5	0.000877038031096885
107 1.05944049526332e-5	4.67462400140828e-5	0.999933043304769	9.61605026558295e-6
108 5.41428452934382e-6	0.00351674536004881	1.1801397014824e-5	0.996466038958408
109 1.31983185893446e-5	2.85931155021193e-5	0.999943736759449	1.44718064608149e-5
110 8.50867793906649e-6	0.999625105340764	4.33770184438773e-5	0.000323008962853432
111 4.77273564043357e-5	0.0453689931201187	0.000172083817247338	0.95441119570623
112 9.5146810176128e-6	3.10745098292695e-5	0.99995339661372	6.01419543352034e-6
113 2.82322285610571e-5	0.000176535936765354	0.00019628120549462	0.99959895062918
114 0.99842765910762	0.000154292826884966	0.00138158470801746	3.64633574783603e-5
115 0.0324304714419869	0.00110515672814868	0.96622534763057	0.000239024199294363
116 6.12518941043713e-6	0.999836508960032	3.01681332050601e-5	0.00012719771735303
117 3.51411472966956e-5	0.000103999426992377	5.20131123476414e-5	0.999808846313364
118 0.00879216646985432	0.00879216646985432	0.00879216646985432	0.973623500590437
