0 0.99959958730804	5.17370911532153e-5	0.000296340762259341	5.23348385479876e-5
1 0.0262865843453263	0.000334726731227585	0.973143524206368	0.000235164717077869
2 0.00148292586355201	0.0141763823485473	0.605683618661017	0.378657073126884
3 1.04468191372291e-5	9.06985596535918e-5	2.35371269809083e-5	0.999875317494228
4 0.999782653645148	2.30601054940724e-5	0.000176630920811101	1.76553285466361e-5
5 2.00355172136613e-5	0.999836234368474	6.05229823953277e-6	0.000137677816072519
6 0.00299299829886892	3.81379589849464e-5	0.996950853555794	1.80101863516793e-5
7 0.00018247338078771	8.36717616143148e-6	0.999776050683984	3.31087590672541e-5
8 3.60736288976045e-5	0.998369964638595	6.06286536928604e-6	0.00158789886713845
9 0.00420423772972818	0.987387286810815	0.00420423772972818	0.00420423772972818
10 0.987387286810816	0.00420423772972818	0.00420423772972818	0.00420423772972818
11 0.00420423772972818	0.987387286810816	0.00420423772972818	0.00420423772972818
12 0.987387286810815	0.00420423772972817	0.00420423772972817	0.00420423772972817
13 1.09602913337353e-5	0.000104325180970955	2.73918317434656e-5	0.999857322695952
14 0.0092585954149547	0.572776854480583	0.41353178945221	0.00443276065225227
15 0.987387286810816	0.00420423772972818	0.00420423772972818	0.00420423772972818
16 1.37346724233281e-5	0.00012143630262379	2.95434725394737e-5	0.999835285552414
17 3.19831812080203e-5	0.999779595066061	1.02175028120088e-5	0.000178204249919565
18 0.000115141836282888	1.05606006456544e-5	0.999839954116565	3.43434465071489e-5
19 1.2698194940162e-5	0.000180013987548178	2.9635967855727e-5	0.999777651849656
20 0.000242553157397375	8.9673031923405e-6	0.999715547974703	3.29315647076572e-5
21 0.987387286810816	0.00420423772972818	0.00420423772972818	0.00420423772972818
22 0.987387286810816	0.00420423772972818	0.00420423772972818	0.00420423772972818
23 0.00420423772972818	0.00420423772972818	0.00420423772972818	0.987387286810816
24 0.996305423971797	6.11682019618196e-5	0.00359592467665015	3.74831495918003e-5
25 0.00594386817188491	0.548889047367525	0.400071318208212	0.0450957662523784
26 0.00420423772972818	0.00420423772972818	0.987387286810816	0.00420423772972818
27 0.00420423772972818	0.987387286810816	0.00420423772972818	0.00420423772972818
28 2.32835313438861e-5	0.999799215085439	6.34966686366805e-6	0.000171151716354416
29 0.606238896269075	0.378704067919248	0.00145076439205883	0.0136062714196187
30 0.999720456857314	4.09690728769451e-5	0.000212234276285214	2.6339793524504e-5
31 0.59980072916687	0.00878921104603604	0.00328323341735472	0.38812682636974
32 0.282338259379555	0.00314198660371606	0.0134018712475946	0.701117882769135
33 1.98247529156279e-5	0.999836638446397	5.93769541059868e-6	0.000137599105277856
34 0.00420423772972818	0.987387286810817	0.00420423772972818	0.00420423772972818
35 0.00420423772972818	0.987387286810816	0.00420423772972818	0.00420423772972818
36 0.00420423772972818	0.00420423772972818	0.987387286810816	0.00420423772972818
37 0.00420423772972818	0.00420423772972818	0.00420423772972818	0.987387286810816
38 0.00420423772972818	0.987387286810816	0.00420423772972818	0.00420423772972818
39 0.00420423772972818	0.987387286810816	0.00420423772972818	0.00420423772972818
40 7.37743590007678e-5	6.42819823686863e-6	0.999897287216207	2.25102265557854e-5
41 0.443877393519382	0.00287999441193807	0.0191799651664254	0.534062646902256
42 0.00420423772972818	0.987387286810816	0.00420423772972818	0.00420423772972818
43 0.00420423772972818	0.987387286810816	0.00420423772972818	0.00420423772972818
44 0.442020373533087	0.0116690718385979	0.00303330485486174	0.543277249773454
45 1.3981472039156e-5	0.000115901231873928	3.62720521838205e-5	0.999833845243904
46 0.00151170664499533	0.0091554555622922	0.609621165921464	0.379711671871249
47 9.66827916033726e-5	7.07946526142577e-6	0.999869564940798	2.66728023378766e-5
48 0.00420423772972818	0.987387286810816	0.00420423772972818	0.00420423772972818
49 0.987387286810816	0.00420423772972818	0.00420423772972818	0.00420423772972818
50 0.0062952106881225	0.379028670221471	0.596554681323616	0.018121437766791
51 3.17622901155159e-5	0.0018863535683953	5.15460779026412e-5	0.998030338063587
52 0.00420423772972818	0.987387286810816	0.00420423772972818	0.00420423772972818
53 0.987387286810815	0.00420423772972818	0.00420423772972818	0.00420423772972818
54 0.00420423772972818	0.00420423772972818	0.987387286810816	0.00420423772972818
55 0.987387286810815	0.00420423772972818	0.00420423772972818	0.00420423772972818
56 2.49000984938048e-5	0.999624724583105	6.50137817752404e-6	0.000343873940224609
57 0.999592335097721	3.35134740164153e-5	0.000341004577501249	3.31468507620749e-5
58 2.96832192410167e-5	0.999751612832917	9.44596863645502e-6	0.000209257979205651
59 0.00010590094954108	1.19066348987404e-5	0.999845887198187	3.63052173728365e-5
60 0.999730484740626	3.41229910355643e-5	0.000204015435696548	3.13768326422385e-5
61 0.00420423772972818	0.00420423772972818	0.00420423772972818	0.987387286810816
62 0.00420423772972818	0.987387286810816	0.00420423772972818	0.00420423772972818
63 0.0123778198854134	0.434756362933485	0.548708785400577	0.00415703178052487
64 0.999760387010102	2.94098456605206e-5	0.000190539374057621	1.96637701801667e-5
65 0.000162470935092398	3.00048176337609e-6	0.999833363892053	1.16469109132112e-6
66 2.16906837806924e-5	0.999781746355343	6.09159609006997e-6	0.000190471364785954
67 1.32663127003435e-5	0.000156531796994374	3.29610676177731e-5	0.999797240822687
68 0.00420423772972818	0.00420423772972818	0.00420423772972818	0.987387286810816
69 2.88584567793242e-5	0.999815627919268	1.06598221460392e-5	0.000144853801806778
70 0.000482816050599459	8.98967124312889e-6	0.999464262450518	4.39318276388308e-5
71 0.00420423772972818	0.00420423772972818	0.00420423772972818	0.987387286810815
72 0.00420423772972818	0.987387286810815	0.00420423772972818	0.00420423772972818
73 0.987387286810815	0.00420423772972818	0.00420423772972818	0.00420423772972818
74 0.00420423772972818	0.00420423772972818	0.987387286810815	0.00420423772972818
75 7.64618591412488e-6	9.44103105082495e-5	1.63280532554903e-5	0.999881615450322
76 0.00420423772972818	0.00420423772972818	0.00420423772972818	0.987387286810815
77 2.87070210566117e-5	0.999801636298771	6.2086726424231e-6	0.000163448007530236
78 8.36573720640073e-6	0.000327085283673949	5.09978868657393e-7	0.999664039000251
79 0.987387286810815	0.00420423772972818	0.00420423772972818	0.00420423772972818
80 0.00420423772972818	0.00420423772972818	0.00420423772972818	0.987387286810815
81 0.00420423772972818	0.00420423772972818	0.987387286810815	0.00420423772972818
82 0.00420423772972818	0.00420423772972818	0.987387286810815	0.00420423772972818
83 0.00420423772972818	0.00420423772972818	0.00420423772972818	0.987387286810815
84 0.000105340234728618	7.33160329463072e-6	0.999860692843021	2.66353189552642e-5
85 0.999768165663966	2.83682884414635e-5	0.00018648767944527	1.69783681472031e-5
86 0.00420423772972818	0.987387286810816	0.00420423772972818	0.00420423772972818
87 0.987387286810815	0.00420423772972818	0.00420423772972818	0.00420423772972818
88 0.00420423772972818	0.00420423772972818	0.987387286810815	0.00420423772972818
89 0.987387286810815	0.00420423772972818	0.00420423772972818	0.00420423772972818
90 1.14397987378703e-5	0.000102477458933833	2.63436610774252e-5	0.999859739081251
91 2.29469871593764e-5	0.999780364265669	6.74547574645107e-6	0.000189943271425683
92 0.987387286810815	0.00420423772972818	0.00420423772972818	0.00420423772972818
93 0.00420423772972817	0.987387286810815	0.00420423772972817	0.00420423772972817
94 0.987387286810815	0.00420423772972818	0.00420423772972818	0.00420423772972818
95 0.00420423772972817	0.00420423772972817	0.00420423772972817	0.987387286810815
96 0.00420423772972818	0.00420423772972818	0.987387286810815	0.00420423772972818
97 0.000343604226055924	6.68101342799713e-6	0.999570393519713	7.93212408031083e-5
98 8.89349326136542e-5	6.96576580647796e-6	0.999872787214851	3.13120867284552e-5
99 0.987387286810815	0.00420423772972818	0.00420423772972818	0.00420423772972818
100 0.999801366237712	1.84037039305278e-5	0.00015940715867849	2.08228996783412e-5
101 0.00420423772972818	0.00420423772972818	0.987387286810815	0.00420423772972818
102 0.987387286810815	0.00420423772972818	0.00420423772972818	0.00420423772972818
103 3.38959730863662e-5	0.999330862490664	7.02026135126639e-6	0.00062822127489802
104 8.09166415734104e-5	1.128725406687e-5	0.999876137500472	3.1658603887507e-5
105 0.987387286810816	0.00420423772972818	0.00420423772972818	0.00420423772972818
106 0.999635417203675	3.6555150434324e-5	0.000299726495729977	2.83011501608649e-5
107 9.90001445458674e-5	6.73152180720583e-6	0.999868880811346	2.53875223013028e-5
108 4.42100640766745e-6	0.000156224047875747	2.26337219841287e-7	0.999839128608497
109 0.000685872783861902	9.08342304764435e-6	0.999252158516682	5.28852764081376e-5
110 2.70067516613957e-5	0.999647954894613	7.27372167719306e-6	0.00031776463204856
111 4.42600765229448e-5	0.00327085926394762	4.97950249812843e-6	0.996679901157031
112 7.38793121251478e-5	6.54522170709567e-6	0.999896854533235	2.27209329323277e-5
113 1.03391259534109e-5	9.92549602373913e-5	2.06727471371449e-5	0.999869733166672
114 0.999793013520512	2.72950283368163e-5	0.000159554222455232	2.01372286965352e-5
115 0.625119908988688	0.359681098214336	0.00131472127150516	0.0138842715254712
116 0.000291438671335715	0.0277301926681208	5.94966332037848e-5	0.97191887202734
117 1.56784925895442e-5	0.0001800251726286	4.09600482450078e-5	0.999763336286537
118 0.00420423772972818	0.00420423772972818	0.00420423772972818	0.987387286810815
