0 0.001097240800175	0.0830546660330731	0.000654681133445685	0.915193412033306
1 0.998249920089723	0.000131002923043524	0.00152387532652321	9.52016607105239e-5
2 0.99925064663092	0.000124497297989915	0.000527715163266598	9.71409078231614e-5
3 4.28564505709096e-5	0.000145058052950615	7.7787355085196e-5	0.999734298141393
4 0.000124983174244286	4.54964983800766e-5	0.99977751056708	5.20097602960311e-5
5 3.74355302463711e-5	0.999610507918793	3.94301041058549e-5	0.000312626446854922
6 0.00155397299886886	4.34445066924883e-5	0.998293897947254	0.000108684547184878
7 6.82295768164205e-5	0.000169075589976247	0.000123196934182676	0.999639497899024
8 0.000259512729649342	0.0285546977827608	0.000109984666074167	0.971075804821515
9 0.0086723425110986	0.973982972466704	0.0086723425110986	0.0086723425110986
10 0.973982972466704	0.0086723425110986	0.0086723425110986	0.0086723425110986
11 0.0086723425110986	0.0086723425110986	0.0086723425110986	0.973982972466704
12 0.973982972466704	0.0086723425110986	0.0086723425110986	0.0086723425110986
13 5.73925938120497e-5	0.999558217410936	3.6507281544759e-5	0.000347882713706962
14 4.88538110627501e-5	0.000215963743767561	7.96529588179452e-5	0.999655529486352
15 0.973982972466705	0.00867234251109861	0.00867234251109861	0.00867234251109861
16 0.00170444292593411	0.786033596913295	0.00279048405505305	0.209471476105718
17 0.00234761035718138	0.746853605548197	0.00403145527874649	0.246767328815876
18 0.0013380701334227	0.176658615761929	0.0011452504675518	0.820858063637097
19 0.00880115669400928	0.490617578316369	0.495251099809591	0.00533016518003118
20 0.000370737895227975	4.4862646454188e-5	0.999504731976143	7.96674821750454e-5
21 0.00867234251109861	0.00867234251109861	0.00867234251109861	0.973982972466704
22 0.973982972466704	0.00867234251109861	0.00867234251109861	0.00867234251109861
23 0.973982972466705	0.00867234251109861	0.00867234251109861	0.00867234251109861
24 0.0110301391605697	0.000169162575845708	0.988681585197321	0.000119113066263893
25 9.48962962662553e-5	0.999313892392411	3.47785625865587e-5	0.000556432748736969
26 0.973982972466705	0.00867234251109861	0.00867234251109861	0.00867234251109861
27 0.00867234251109861	0.973982972466704	0.00867234251109861	0.00867234251109861
28 5.61075397859752e-5	0.999520151950769	3.72512258131708e-5	0.000386489283632076
29 5.58168353683554e-5	0.999565738877506	5.67467351229497e-5	0.000321697552002777
30 0.000101322833674949	4.70988596936904e-5	0.999797020547389	5.45577592431258e-5
31 0.999478683223306	6.74176035980575e-5	0.000397020468627496	5.68787044686979e-5
32 3.8966561916681e-5	0.0002068087020205	6.59303382344474e-5	0.999688294397828
33 5.37536260747388e-5	0.999561267189018	3.28438100129595e-5	0.000352135374894264
34 0.0086723425110986	0.973982972466704	0.0086723425110986	0.0086723425110986
35 0.0086723425110986	0.973982972466704	0.0086723425110986	0.0086723425110986
36 0.973982972466704	0.0086723425110986	0.0086723425110986	0.0086723425110986
37 0.0086723425110986	0.0086723425110986	0.0086723425110986	0.973982972466705
38 0.973982972466704	0.0086723425110986	0.0086723425110986	0.0086723425110986
39 0.973982972466704	0.0086723425110986	0.0086723425110986	0.0086723425110986
40 0.000141136815368272	3.36682434287765e-5	0.999766140852663	5.9054088539841e-5
41 0.999389498569547	7.30589522920859e-5	0.000470915464639982	6.65270135209491e-5
42 0.973982972466704	0.0086723425110986	0.0086723425110986	0.0086723425110986
43 0.0086723425110986	0.973982972466704	0.0086723425110986	0.0086723425110986
44 4.19550811668004e-5	0.000172198721485562	6.43972119463001e-5	0.999721448985401
45 4.98889891066198e-5	0.999547251784274	4.7769527645653e-5	0.000355089698973678
46 9.17437300264094e-5	5.62534623676668e-5	0.999792463244436	5.95395631696241e-5
47 0.00015873180949271	3.80719248018507e-5	0.999741141448497	6.20548172078446e-5
48 0.973982972466704	0.0086723425110986	0.0086723425110986	0.0086723425110986
49 0.973982972466704	0.00867234251109861	0.00867234251109861	0.00867234251109861
50 0.000311951904995507	3.80685765291006e-5	0.999547480233311	0.000102499285164898
51 0.000149515023110443	0.011807727616132	5.36374768834835e-5	0.987989119883875
52 0.00867234251109861	0.00867234251109861	0.00867234251109861	0.973982972466705
53 0.973982972466705	0.00867234251109861	0.00867234251109861	0.00867234251109861
54 0.973982972466705	0.00867234251109861	0.00867234251109861	0.00867234251109861
55 0.00867234251109861	0.00867234251109861	0.973982972466704	0.00867234251109861
56 6.53094154788266e-5	0.999131544400233	4.05325067497816e-5	0.000762613677538731
57 0.011919460988867	0.512229018943088	0.470594595517172	0.00525692455087341
58 0.137164165019068	0.00171326368047871	0.859814874590752	0.00130769670970136
59 0.642370637318175	0.00281219613716852	0.351304886329637	0.00351228021502005
60 0.742372224913322	0.00163903530408682	0.253036637012048	0.00295210277054409
61 0.00867234251109861	0.00867234251109861	0.00867234251109861	0.973982972466705
62 0.00867234251109861	0.00867234251109861	0.00867234251109861	0.973982972466705
63 0.999306517176149	8.29213151067224e-5	0.000542869181361001	6.76923273836345e-5
64 0.00015639583524048	3.7373034555411e-5	0.999742716128744	6.35150014606591e-5
65 0.000448651354346687	8.27192606205112e-6	0.99953890720941	4.16951018176502e-6
66 3.56137400543769e-5	0.999692487373641	3.32718491379558e-5	0.000238627037167266
67 7.22281808801097e-5	0.999227688544428	4.16590932293134e-5	0.000658424181462441
68 0.00867234251109861	0.00867234251109861	0.973982972466704	0.00867234251109861
69 0.000177065375038954	4.47271559639222e-5	0.999705678541182	7.25289278154676e-5
70 9.61088693246838e-5	0.00024522821265037	0.000161305173020435	0.999497357745005
71 0.973982972466704	0.00867234251109861	0.00867234251109861	0.00867234251109861
72 0.00867234251109861	0.00867234251109861	0.00867234251109861	0.973982972466705
73 0.00867234251109861	0.00867234251109861	0.973982972466705	0.00867234251109861
74 0.00867234251109861	0.00867234251109861	0.973982972466705	0.00867234251109861
75 4.18326312603453e-5	0.000306408841650895	7.28790138660344e-5	0.999578879513223
76 0.973982972466705	0.00867234251109861	0.00867234251109861	0.00867234251109861
77 7.26310282561691e-5	0.999504841175162	3.78297297762378e-5	0.000384698066805924
78 0.00215656438607365	0.101215238723971	0.0678154016273785	0.828812795262577
79 0.00867234251109861	0.00867234251109861	0.00867234251109861	0.973982972466705
80 0.973982972466705	0.00867234251109861	0.00867234251109861	0.00867234251109861
81 0.00867234251109861	0.00867234251109861	0.973982972466705	0.00867234251109861
82 0.00867234251109861	0.00867234251109861	0.00867234251109861	0.973982972466705
83 0.00867234251109861	0.00867234251109861	0.00867234251109861	0.973982972466705
84 0.0131533435676124	0.423914546337929	0.557435779162968	0.00549633093149201
85 0.999338286815176	9.1958052967582e-5	0.000508513652565893	6.12414792911372e-5
86 0.0086723425110986	0.0086723425110986	0.973982972466705	0.0086723425110986
87 0.00867234251109861	0.00867234251109861	0.00867234251109861	0.973982972466706
88 0.00867234251109861	0.00867234251109861	0.973982972466705	0.00867234251109861
89 0.973982972466706	0.00867234251109861	0.00867234251109861	0.00867234251109861
90 4.91145757913177e-5	0.000222034703368053	8.94485029409334e-5	0.9996394022179
91 0.00898401831791996	0.578596958016299	0.406851484647166	0.00556753901861517
92 0.973982972466704	0.00867234251109861	0.00867234251109861	0.00867234251109861
93 0.00867234251109861	0.00867234251109861	0.00867234251109861	0.973982972466705
94 0.00867234251109861	0.00867234251109861	0.00867234251109861	0.973982972466705
95 0.00867234251109861	0.973982972466705	0.00867234251109861	0.00867234251109861
96 0.00867234251109861	0.00867234251109861	0.973982972466705	0.00867234251109861
97 0.00366345284684174	0.0627840506702497	0.929301915597394	0.00425058088551562
98 0.000171974904124723	3.95449678759996e-5	0.999710911190322	7.75689376776379e-5
99 0.973982972466705	0.0086723425110986	0.0086723425110986	0.0086723425110986
100 0.999351341180858	7.95613302660922e-5	0.000480486260916206	8.86112279601801e-5
101 0.00867234251109861	0.00867234251109861	0.00867234251109861	0.973982972466705
102 0.00867234251109861	0.973982972466705	0.00867234251109861	0.00867234251109861
103 0.999083067339674	0.0001786343921219	0.000614198770574992	0.000124099497628991
104 6.57200194643376e-5	0.999444154469568	4.36937800128237e-5	0.000446431730955632
105 0.00867234251109861	0.973982972466704	0.00867234251109861	0.00867234251109861
106 0.000226214899445189	4.3041494025077e-5	0.999649156402178	8.15872043512233e-5
107 9.48867841472122e-5	3.33772183019748e-5	0.999832531175859	3.92048216915249e-5
108 1.0863297663174e-5	0.000524498990749731	2.04816979283336e-6	0.999462589541794
109 0.0189191189273468	0.000269385419476388	0.980403185162532	0.000408310490644764
110 0.9992777851877	0.000129242343030553	0.000508499845416747	8.44726238524803e-5
111 7.62386018243773e-5	0.990366766204936	4.13940895943211e-5	0.00951560110364462
112 7.93089149599666e-5	3.92929258468358e-5	0.999841052720765	4.03454384275951e-5
113 4.70198178204293e-5	0.999451644118319	4.53706545230597e-5	0.000455965409337439
114 0.999396880280826	8.08482251450255e-5	0.000465554570279562	5.6716923749627e-5
115 6.311250366061e-5	0.000192627060935876	0.000118704992133815	0.999625555443269
116 6.7601991882394e-5	0.000468843587549752	0.000123648554301794	0.999339905866266
117 0.0710915207079767	0.00145836748474479	0.926168751615289	0.00128136019198944
118 0.0086723425110986	0.973982972466704	0.0086723425110986	0.0086723425110986
