0 0.998579731220064	0.000226989849063712	0.000962462570959504	0.000230816359912943
1 0.00117835827682723	0.000111723916460067	0.998442275593304	0.000267642213408738
2 0.0022512164402585	0.171022310647455	0.00157397235946679	0.82515250055282
3 9.32970189699818e-5	0.000334008328605295	0.000132228429529668	0.999440466222896
4 0.999167544895349	0.000127034396071385	0.000590101347195088	0.000115319361384772
5 0.000106685647363377	0.999355366381967	7.29623759136083e-5	0.000464985594756183
6 0.00881456381528244	0.000155707247693005	0.990934103194859	9.56257421662109e-5
7 0.000610916080371396	8.98983821120466e-5	0.999135661699138	0.000163523838379017
8 0.000156329825935637	0.995014658205583	7.29368136236765e-5	0.00475607515485761
9 0.0122231450941122	0.963330564717664	0.0122231450941122	0.0122231450941122
10 0.963330564717664	0.0122231450941122	0.0122231450941122	0.0122231450941122
11 0.0122231450941123	0.0122231450941123	0.0122231450941123	0.963330564717665
12 0.0122231450941122	0.0122231450941122	0.0122231450941122	0.963330564717664
13 0.000109764505934616	0.999326820772223	7.47548112439329e-5	0.000488659910599253
14 0.000123442949871483	0.999256401346749	8.23936261357028e-5	0.000537762077244318
15 0.0122231450941122	0.0122231450941122	0.0122231450941122	0.963330564717664
16 0.00309423052064205	0.7334749014146	0.00408975415140199	0.259341113913357
17 0.998710289276549	0.000197826866139275	0.000927497498692126	0.000164386358620688
18 0.000415122412655114	0.000115570799254274	0.999285477486038	0.000183829302053006
19 0.998911169359974	0.000210216925246582	0.000669829594890514	0.000208784119889262
20 0.000782142142724802	8.45785072348473e-5	0.998979933511444	0.000153345838596937
21 0.963330564717664	0.0122231450941123	0.0122231450941123	0.0122231450941123
22 0.0122231450941123	0.963330564717664	0.0122231450941123	0.0122231450941123
23 0.0122231450941123	0.0122231450941123	0.0122231450941123	0.963330564717664
24 0.988963598545437	0.000234220545780293	0.0106341877254604	0.000167993183323164
25 0.269370608666905	0.706538736263816	0.0177564764685289	0.00633417860075096
26 0.963330564717664	0.0122231450941122	0.0122231450941122	0.0122231450941122
27 0.0122231450941122	0.963330564717664	0.0122231450941122	0.0122231450941122
28 0.000119190899052047	0.999238231023439	7.65381881301986e-5	0.000566039889378394
29 0.0078225946678415	0.44801036106158	0.524256500292992	0.019910543977586
30 0.002734359462815	0.18245451921193	0.00220226699983854	0.812608854325416
31 0.999286064013098	0.000112789223046397	0.00049316847368485	0.000107978290170517
32 7.81861678920652e-5	0.000380645152091973	0.000108647792539533	0.999432520887476
33 0.000105382303707164	0.999358559329579	7.15808133622632e-5	0.000464477553350739
34 0.0122231450941122	0.0122231450941122	0.0122231450941122	0.963330564717663
35 0.0122231450941122	0.963330564717662	0.0122231450941122	0.0122231450941122
36 0.963330564717663	0.0122231450941122	0.0122231450941122	0.0122231450941122
37 0.0122231450941122	0.0122231450941122	0.0122231450941122	0.963330564717663
38 0.0122231450941122	0.0122231450941122	0.0122231450941122	0.963330564717663
39 0.0122231450941122	0.963330564717663	0.0122231450941122	0.0122231450941122
40 0.000275305361066513	7.22906688928166e-5	0.999538184173453	0.00011421979658723
41 0.999167270234357	0.000121909850607446	0.00058916743647226	0.000121652478563308
42 0.0122231450941122	0.0122231450941122	0.0122231450941122	0.963330564717663
43 0.0122231450941122	0.963330564717663	0.0122231450941122	0.0122231450941122
44 8.55894426023227e-5	0.000310642933217783	0.000106878810230339	0.999496888813949
45 0.157789503006688	0.00334353541260248	0.83646436655108	0.00240259502962949
46 0.00715154000164703	0.505051993770845	0.464692100800888	0.0231043654266194
47 0.000345312929364235	7.78545636310211e-5	0.999446567137427	0.000130265369577784
48 0.963330564717663	0.0122231450941122	0.0122231450941122	0.0122231450941122
49 0.963330564717663	0.0122231450941122	0.0122231450941122	0.0122231450941122
50 0.0204436964573133	0.00371182357302773	0.432662668746744	0.543181811222915
51 0.000149451505557896	0.00561259469660606	0.00020686985048832	0.994031083947348
52 0.0122231450941122	0.0122231450941122	0.0122231450941122	0.963330564717664
53 0.963330564717664	0.0122231450941123	0.0122231450941123	0.0122231450941123
54 0.963330564717664	0.0122231450941123	0.0122231450941123	0.0122231450941123
55 0.0122231450941122	0.0122231450941122	0.963330564717664	0.0122231450941122
56 0.000128018547117344	0.998711099309897	7.83397069579458e-5	0.00108254243602869
57 0.00013729695139148	0.000443881259361103	0.000192405701868308	0.99922641608738
58 0.000168093111996859	0.999023894389921	0.000113858565570156	0.000694153932512487
59 0.000120581401398567	0.000593522975746444	0.000187062189984567	0.999098833432871
60 0.707160670602525	0.00294170011094045	0.285509385352728	0.00438824393380766
61 0.963330564717663	0.0122231450941122	0.0122231450941122	0.0122231450941122
62 0.0122231450941122	0.963330564717663	0.0122231450941122	0.0122231450941122
63 0.000330648479842722	8.34315464548892e-5	0.999451266869862	0.000134653103840994
64 0.00029294239860841	7.55610849586078e-5	0.999512117873109	0.000119378643324386
65 0.000503333112590185	1.0853980235731e-5	0.999480227933629	5.58497354599594e-6
66 0.000113229329090738	0.999188923069168	7.3429876384861e-5	0.000624417725357268
67 0.000403610711103219	0.000123233367945886	0.999273252674693	0.000199903246259449
68 0.0122231450941122	0.0122231450941122	0.0122231450941122	0.963330564717665
69 0.000164759424341334	0.999207933415779	0.000128504492034433	0.000498802667845964
70 0.00149811393529099	8.94059174057433e-5	0.998222703783476	0.000189776363828283
71 0.0122231450941123	0.0122231450941123	0.0122231450941123	0.963330564717664
72 0.0122231450941123	0.963330564717664	0.0122231450941123	0.0122231450941123
73 0.963330564717664	0.0122231450941123	0.0122231450941123	0.0122231450941123
74 0.0122231450941123	0.0122231450941123	0.963330564717665	0.0122231450941123
75 7.20779651444243e-5	0.000336459611028722	9.58072140806476e-5	0.999495655209748
76 0.963330564717664	0.0122231450941123	0.0122231450941123	0.0122231450941123
77 0.000133748609461356	0.99924922345426	7.48292056125191e-5	0.000542198730667309
78 2.92020448162026e-5	0.000994372329473157	6.12835931879074e-6	0.998970297266393
79 0.963330564717665	0.0122231450941123	0.0122231450941123	0.0122231450941123
80 0.0122231450941123	0.0122231450941123	0.0122231450941123	0.963330564717665
81 0.963330564717664	0.0122231450941123	0.0122231450941123	0.0122231450941123
82 0.0122231450941123	0.0122231450941123	0.963330564717665	0.0122231450941123
83 0.963330564717665	0.0122231450941123	0.0122231450941123	0.0122231450941123
84 0.00767313608750169	0.40472205246564	0.569534837272338	0.0180699741745214
85 0.000303707912656133	7.65169904303952e-5	0.999498071806041	0.000121703290873426
86 0.0122231450941122	0.0122231450941122	0.963330564717664	0.0122231450941122
87 0.0122231450941123	0.0122231450941123	0.0122231450941123	0.963330564717664
88 0.0122231450941123	0.0122231450941123	0.963330564717664	0.0122231450941123
89 0.963330564717664	0.0122231450941122	0.0122231450941122	0.0122231450941122
90 0.000111689082089567	0.999309033425254	7.58515564193259e-5	0.000503425936238495
91 0.00693252272358437	0.544024155632916	0.420088817849767	0.0289545037937337
92 0.0122231450941123	0.0122231450941123	0.963330564717664	0.0122231450941123
93 0.0122231450941123	0.0122231450941123	0.0122231450941123	0.963330564717664
94 0.963330564717664	0.0122231450941123	0.0122231450941123	0.0122231450941123
95 0.0122231450941123	0.0122231450941123	0.0122231450941123	0.963330564717665
96 0.0122231450941123	0.0122231450941123	0.963330564717664	0.0122231450941123
97 0.00104300662713527	2.42658904017939e-5	0.998693147363161	0.000239580119303334
98 0.000321381724421054	7.61048823458572e-5	0.999459933764318	0.000142579628916689
99 0.963330564717665	0.0122231450941123	0.0122231450941123	0.0122231450941123
100 0.999257997280628	0.000101266718525726	0.00052885476077199	0.000111881240075326
101 0.0122231450941123	0.0122231450941123	0.0122231450941123	0.963330564717664
102 0.963330564717665	0.0122231450941123	0.0122231450941123	0.0122231450941123
103 0.000158929032057492	0.997828167797705	8.45475718926263e-5	0.00192835559834599
104 0.000309258991004381	0.000128715075383846	0.999387132151147	0.000174893782465773
105 0.963330564717665	0.0122231450941123	0.0122231450941123	0.0122231450941123
106 0.000184499829159986	0.999017816236515	0.000122723727124639	0.00067496020720127
107 0.00035335086073639	7.45608097678593e-5	0.999446958670815	0.000125129658681805
108 1.51313631755007e-5	0.000484843648355326	2.72477334220703e-6	0.999497300215128
109 0.00209184185823117	8.11066513735443e-5	0.997619206855962	0.000207844634434127
110 0.000144230123805704	0.998756456289614	8.76591697917428e-5	0.00101165441678955
111 0.000171252211145762	0.00963016324350201	5.96559936948732e-5	0.990138928551658
112 0.000275890715205932	7.36648368371865e-5	0.999534906222841	0.000115538225116744
113 9.26646692538043e-5	0.000361054207095012	0.000120863625820354	0.999425417497831
114 0.99919672990569	0.000142296201148776	0.000537791967419444	0.000123181925741581
115 0.168766653525177	0.00243358480647703	0.826480876308569	0.00231888535977729
116 0.000212389397875294	0.997404163502398	0.000107754110943491	0.00227569298878381
117 0.000118822612913045	0.000618441980673781	0.000198300680206343	0.999064434726207
118 0.0122231450941122	0.0122231450941122	0.0122231450941122	0.963330564717663
