0 0.99393692653278	0.00011706941034183	0.00584143020429304	0.000104573852584776
1 3.05466793315425e-6	4.00526433831923e-5	0.999952428442011	4.46424667217572e-6
2 0.000148472565396547	0.301637726079644	0.00201973817930813	0.696194063175651
3 5.42853790904919e-5	0.000526250255456343	0.000608916443888412	0.998810547921565
4 0.993296700230431	0.000917506927821189	0.00573310344904808	5.26893926992917e-5
5 3.9987137094414e-6	0.999716876738985	5.76468202041587e-5	0.000221477727101058
6 0.0198460581306088	0.000821563421327392	0.979192041850411	0.000140336597652171
7 4.14504435376247e-6	7.81479761006193e-5	0.999911787669769	5.91930977617903e-6
8 2.01905200049002e-5	0.997477906043859	4.87016311497457e-5	0.00245320180498607
9 0.0094084061626474	0.971774781512057	0.0094084061626474	0.0094084061626474
10 0.971774781512057	0.0094084061626474	0.0094084061626474	0.0094084061626474
11 0.0094084061626474	0.0094084061626474	0.0094084061626474	0.971774781512057
12 0.00940840616264739	0.00940840616264739	0.00940840616264739	0.971774781512057
13 1.84734486092205e-5	0.999428821892683	6.95598630858882e-5	0.00048314479562124
14 1.73958583506497e-5	0.998918559351898	1.9656739936049e-5	0.00104438804981528
15 0.0094084061626474	0.0094084061626474	0.0094084061626474	0.971774781512058
16 0.00245994235923891	0.783846754941101	0.0102184510441161	0.203474851655544
17 0.995834105554659	0.00027278907776484	0.00382008796569207	7.3017401883889e-5
18 1.9470837401765e-6	4.38779187884118e-5	0.999948287701996	5.88729547549425e-6
19 0.997172255689379	0.000308676454390113	0.00245854144540185	6.05264108292489e-5
20 6.18698590073265e-5	8.05875793247726e-5	0.999798942331091	5.86002305773205e-5
21 0.971774781512058	0.00940840616264741	0.00940840616264741	0.00940840616264741
22 0.00940840616264741	0.971774781512058	0.00940840616264741	0.00940840616264741
23 0.0094084061626474	0.0094084061626474	0.0094084061626474	0.971774781512058
24 0.985234534955923	0.00113797063460282	0.0126744329097703	0.000953061499703674
25 0.112273747396693	0.836363365562855	0.0468331782201952	0.00452970882025681
26 0.971774781512058	0.0094084061626474	0.0094084061626474	0.0094084061626474
27 0.0094084061626474	0.971774781512058	0.0094084061626474	0.0094084061626474
28 3.14952983618892e-5	0.999058419686642	0.000110677760861477	0.000799407254135204
29 0.000497563163952477	0.664529870006215	0.32616935296303	0.00880321386680342
30 8.04564134512611e-5	0.251619978298347	0.00120300675871564	0.747096558529487
31 0.99844196055004	0.000217660288201597	0.0011948579112586	0.000145521250500096
32 5.43828459822285e-5	0.000199242012194999	0.00023745428426698	0.999508920857557
33 3.20941066618058e-5	0.9987719980058	4.18032852545611e-5	0.001154104602284
34 0.0094084061626474	0.0094084061626474	0.0094084061626474	0.971774781512059
35 0.0094084061626474	0.971774781512058	0.0094084061626474	0.0094084061626474
36 0.971774781512059	0.00940840616264741	0.00940840616264741	0.00940840616264741
37 0.00940840616264741	0.00940840616264741	0.00940840616264741	0.971774781512059
38 0.0094084061626474	0.0094084061626474	0.0094084061626474	0.971774781512058
39 0.0094084061626474	0.971774781512059	0.0094084061626474	0.0094084061626474
40 3.45176929983086e-5	4.56715204528623e-5	0.999882974752015	3.68360345342374e-5
41 0.997961320708235	0.000207432246703206	0.00173964306882486	9.16039762377606e-5
42 0.0094084061626474	0.0094084061626474	0.0094084061626474	0.971774781512059
43 0.0094084061626474	0.971774781512059	0.0094084061626474	0.0094084061626474
44 0.00011001952094363	0.000235111232033066	0.000228062318998683	0.999426806928025
45 0.0183387055369474	0.00117802296480449	0.980376384268312	0.000106887229937167
46 0.000450642606349721	0.322791574102329	0.672916906128631	0.0038408771626916
47 3.90440425388591e-5	0.000103058730770484	0.999813764234416	4.41329922750606e-5
48 0.971774781512058	0.0094084061626474	0.0094084061626474	0.0094084061626474
49 0.971774781512058	0.0094084061626474	0.0094084061626474	0.0094084061626474
50 0.00427260191605702	0.0060199266637817	0.666309627033386	0.323397844386775
51 0.000909069552032513	0.00216442149787945	0.00110747311012912	0.995819035839959
52 0.00940840616264741	0.00940840616264741	0.00940840616264741	0.971774781512058
53 0.971774781512058	0.00940840616264741	0.00940840616264741	0.00940840616264741
54 0.971774781512057	0.0094084061626474	0.0094084061626474	0.0094084061626474
55 0.00940840616264741	0.00940840616264741	0.971774781512058	0.00940840616264741
56 4.48628410270705e-5	0.999044008730825	7.6177344134947e-5	0.000834951084013022
57 4.45774561741218e-5	0.00085902400765463	0.00032455221913269	0.998771846317039
58 3.88284902800533e-6	0.999770445413721	4.5786779892676e-5	0.000179884957358046
59 5.92333103522132e-5	0.000422630243437146	0.000284401597212449	0.999233734848998
60 0.403768255658086	0.00859400381542504	0.583689562006323	0.00394817852016591
61 0.971774781512058	0.0094084061626474	0.0094084061626474	0.0094084061626474
62 0.0094084061626474	0.971774781512058	0.0094084061626474	0.0094084061626474
63 2.02915067442627e-5	2.00223867531108e-5	0.999939788899308	1.98972071945746e-5
64 2.51151718111791e-5	6.28296932291245e-5	0.999884117332268	2.7937802690982e-5
65 0.00333179052186544	8.74925641961438e-5	0.996543864489697	3.68524242414565e-5
66 7.39419260138289e-6	0.999867544008073	0.000101197043701811	2.38647556241536e-5
67 6.66267720071357e-5	0.000196749859675773	0.999653393276403	8.32300919144437e-5
68 0.0094084061626474	0.0094084061626474	0.0094084061626474	0.971774781512058
69 5.92693007845581e-5	0.998377934738552	0.000210152783206306	0.00135264317745696
70 7.69009182011467e-5	0.000185347967804664	0.999659093317165	7.86577968292023e-5
71 0.0094084061626474	0.0094084061626474	0.0094084061626474	0.971774781512058
72 0.00940840616264739	0.971774781512057	0.00940840616264739	0.00940840616264739
73 0.971774781512057	0.0094084061626474	0.0094084061626474	0.0094084061626474
74 0.0094084061626474	0.0094084061626474	0.971774781512058	0.0094084061626474
75 0.00217685232014634	0.00444079271682998	0.00295935051144186	0.990423004451581
76 0.971774781512057	0.00940840616264739	0.00940840616264739	0.00940840616264739
77 5.2179514293217e-5	0.999216999846657	9.27560702376055e-5	0.000638064568811725
78 5.65858142000208e-5	0.0266477278768387	5.77123082560795e-5	0.973237974000705
79 0.971774781512057	0.00940840616264739	0.00940840616264739	0.00940840616264739
80 0.00940840616264739	0.00940840616264739	0.00940840616264739	0.971774781512058
81 0.971774781512057	0.00940840616264739	0.00940840616264739	0.00940840616264739
82 0.0094084061626474	0.0094084061626474	0.971774781512058	0.0094084061626474
83 0.971774781512058	0.00940840616264739	0.00940840616264739	0.00940840616264739
84 0.0017812197671661	0.201306375467036	0.767854887053258	0.0290575177125392
85 6.77950437084169e-5	0.000101465708344718	0.999767625698416	6.31135495298168e-5
86 0.0094084061626474	0.0094084061626474	0.971774781512057	0.0094084061626474
87 0.0094084061626474	0.0094084061626474	0.0094084061626474	0.971774781512057
88 0.0094084061626474	0.0094084061626474	0.971774781512057	0.0094084061626474
89 0.971774781512057	0.0094084061626474	0.0094084061626474	0.0094084061626474
90 5.1698861813431e-5	0.999144553265467	9.83697776835551e-5	0.000705378095034868
91 0.00174571019026707	0.68613080952376	0.233654583677979	0.0784688966079933
92 0.0094084061626474	0.0094084061626474	0.971774781512058	0.0094084061626474
93 0.0094084061626474	0.0094084061626474	0.0094084061626474	0.971774781512057
94 0.971774781512058	0.00940840616264739	0.00940840616264739	0.00940840616264739
95 0.0094084061626474	0.0094084061626474	0.0094084061626474	0.971774781512058
96 0.0094084061626474	0.0094084061626474	0.971774781512058	0.0094084061626474
97 0.00567089914617927	7.02437070960998e-5	0.99418070190484	7.81552418838289e-5
98 5.94184219419327e-5	0.000103995845546967	0.999783539733613	5.30459988974102e-5
99 0.971774781512058	0.00940840616264739	0.00940840616264739	0.00940840616264739
100 0.988824293741112	0.00306874882939348	0.00494070845235729	0.00316624897713625
101 0.0094084061626474	0.0094084061626474	0.0094084061626474	0.971774781512057
102 0.971774781512057	0.00940840616264739	0.00940840616264739	0.00940840616264739
103 5.8313873861398e-5	0.997931569170795	0.00019409726290791	0.00181601969243543
104 6.459312641958e-5	0.000198287611933092	0.999656969883495	8.0149378151957e-5
105 0.971774781512058	0.0094084061626474	0.0094084061626474	0.0094084061626474
106 6.02674481796812e-5	0.998281055139656	0.000209673419228385	0.00144900399293621
107 8.8071430863596e-6	9.99206431302814e-5	0.999882550626389	8.72158739455102e-6
108 3.66602207450285e-5	0.0156898691168498	8.10633151992353e-5	0.984192407347206
109 2.29778885346472e-5	4.95746540467756e-5	0.999904488151743	2.29593056748966e-5
110 5.84362559015461e-6	0.999695162174469	7.81990474265904e-5	0.000220795152514458
111 0.000116272320257068	0.141570247999372	0.0008451817429999	0.85746829793737
112 8.28991474954192e-6	5.6798045086502e-5	0.999929827918957	5.08412120708702e-6
113 4.16330617837884e-5	0.000729541823250499	0.000928414270528728	0.998300410844437
114 0.995787007199325	0.000599974879449992	0.00354861284859539	6.44050726291025e-5
115 0.0133750792430866	0.00198644388884681	0.984455204878924	0.000183271989142241
116 3.46696387846071e-6	0.99988118320582	4.0963222896353e-5	7.43866074051535e-5
117 8.02637228303489e-5	0.000317823439740937	0.000128706310628079	0.9994732065268
118 0.0094084061626474	0.0094084061626474	0.0094084061626474	0.971774781512058
