0 0.900718909028769	0.0171891774983247	0.0665555790160067	0.0155363344569002
1 0.00219732019144671	0.0133134997355079	0.98141671796044	0.00307246211260543
2 0.0153754607002011	0.644177355189671	0.0814532381090183	0.258993946001111
3 0.00960974186983816	0.0586688455426845	0.0460987792547074	0.885622633332771
4 0.845133086232951	0.0645407196008895	0.0793097190516714	0.0110164751144886
5 0.00234455871592946	0.975187316047679	0.0153510167571512	0.00711710847924102
6 0.0974125328828963	0.0354247084067963	0.856015984649601	0.0111467740607075
7 0.00261503845876917	0.0149865314203583	0.979351777442958	0.00304665267791531
8 0.00509273251274885	0.944420924776349	0.0109255017948212	0.0395608409160817
9 0.0920052826314362	0.723984152105692	0.0920052826314362	0.0920052826314362
10 0.723984152105692	0.0920052826314362	0.0920052826314362	0.0920052826314362
11 0.0920052826314363	0.0920052826314363	0.0920052826314363	0.723984152105692
12 0.0920052826314363	0.0920052826314363	0.0920052826314363	0.723984152105692
13 0.00483055091467234	0.969796808481185	0.0140874133688646	0.0112852272352788
14 0.00486258308197368	0.974545647391098	0.00665938094738193	0.0139323885795471
15 0.0920052826314362	0.0920052826314362	0.0920052826314362	0.723984152105692
16 0.0283849699615845	0.588059411703496	0.0961483098976421	0.287407308437279
17 0.868094778188687	0.0433444870193108	0.075293623145592	0.0132671116464113
18 0.00175527261809613	0.0127842107551186	0.982204622108556	0.00325589451823
19 0.863477784878852	0.0397620129871638	0.0824830427016401	0.0142771594323453
20 0.00664931299887325	0.0137008070797522	0.972289978616201	0.00735990130517474
21 0.723984152105691	0.0920052826314363	0.0920052826314363	0.0920052826314363
22 0.0920052826314363	0.723984152105693	0.0920052826314363	0.0920052826314363
23 0.0920052826314363	0.0920052826314363	0.0920052826314363	0.723984152105692
24 0.812867749049485	0.0246534482525749	0.147847782295656	0.0146310204022845
25 0.185505058129973	0.680319379900995	0.0920542867667408	0.0421212752022914
26 0.723984152105692	0.0920052826314362	0.0920052826314362	0.0920052826314362
27 0.0920052826314362	0.723984152105691	0.0920052826314362	0.0920052826314362
28 0.00642989149573683	0.960242126596621	0.018599845155524	0.0147281367521188
29 0.0129936285872144	0.585639511587296	0.377830349997221	0.0235365098282692
30 0.0119686857492613	0.62292701255268	0.0729837431414316	0.292120558556628
31 0.930665848138732	0.0272236233605961	0.0289758559749996	0.013134672525673
32 0.00967323605931506	0.0252541252119946	0.0270400191427872	0.938032619585904
33 0.00489630992262604	0.972707001103979	0.00980696382269747	0.0125897251506985
34 0.0920052826314362	0.0920052826314362	0.0920052826314362	0.723984152105692
35 0.0920052826314362	0.723984152105692	0.0920052826314362	0.0920052826314362
36 0.723984152105692	0.0920052826314363	0.0920052826314363	0.0920052826314363
37 0.0920052826314363	0.0920052826314363	0.0920052826314363	0.723984152105692
38 0.0920052826314362	0.0920052826314362	0.0920052826314362	0.723984152105692
39 0.0920052826314362	0.723984152105692	0.0920052826314362	0.0920052826314362
40 0.00440095910756462	0.00928007107251698	0.980794803017025	0.00552416680289436
41 0.927144265751542	0.0246748624276976	0.0358836580441595	0.0122972137766021
42 0.0920052826314362	0.0920052826314362	0.0920052826314362	0.723984152105692
43 0.0920052826314362	0.723984152105692	0.0920052826314362	0.0920052826314362
44 0.0110283599006978	0.0185526919866538	0.0290685842898068	0.941350363822842
45 0.115609853651849	0.0711703588564661	0.799391071457469	0.0138287160342159
46 0.0130083192044969	0.366240684144017	0.59621409725709	0.0245368993943956
47 0.00782698301821651	0.0173459051841448	0.96706107693072	0.00776603486691927
48 0.723984152105693	0.0920052826314363	0.0920052826314363	0.0920052826314363
49 0.723984152105692	0.0920052826314362	0.0920052826314362	0.0920052826314362
50 0.0363219989899979	0.062010216079089	0.658791056063781	0.242876728867133
51 0.0131455700485491	0.038221896543761	0.0258456577432945	0.922786875664396
52 0.0920052826314363	0.0920052826314363	0.0920052826314363	0.723984152105693
53 0.723984152105692	0.0920052826314362	0.0920052826314362	0.0920052826314362
54 0.723984152105692	0.0920052826314362	0.0920052826314362	0.0920052826314362
55 0.0920052826314363	0.0920052826314363	0.723984152105692	0.0920052826314363
56 0.0058068073423191	0.963832070306459	0.0149862953574461	0.0153748269937763
57 0.0118842062205888	0.0712083648939684	0.0421381582731731	0.874769270612271
58 0.00271101111595603	0.97895981035967	0.0133215586848229	0.00500761983955145
59 0.0117097530393067	0.0573924948184455	0.044874590312326	0.886023161829923
60 0.317511073471736	0.088114128502336	0.557797710620955	0.0365770874049737
61 0.723984152105692	0.0920052826314364	0.0920052826314364	0.0920052826314364
62 0.0920052826314363	0.723984152105692	0.0920052826314363	0.0920052826314363
63 0.00557100338273925	0.0062368394815435	0.98284774337598	0.00534441375973857
64 0.00646860298156445	0.0130483604598605	0.974560238423054	0.00592279813552104
65 0.0182739297645469	0.00423466842536926	0.975251321854211	0.00224007995587373
66 0.00328156260449998	0.97408109509939	0.0178634505711426	0.00477389172496738
67 0.0112514628644186	0.0300868855709434	0.944357846086023	0.0143038054786148
68 0.0920052826314361	0.0920052826314361	0.0920052826314361	0.723984152105692
69 0.0110341195752514	0.93680219703241	0.0328020925400814	0.0193615908522575
70 0.0118080841839718	0.0248532402884238	0.9519098922664	0.0114287832612041
71 0.0920052826314362	0.0920052826314362	0.0920052826314362	0.723984152105692
72 0.0920052826314362	0.723984152105691	0.0920052826314362	0.0920052826314362
73 0.723984152105691	0.0920052826314361	0.0920052826314361	0.0920052826314361
74 0.0920052826314363	0.0920052826314363	0.723984152105692	0.0920052826314363
75 0.0152894350466841	0.0288231930117136	0.0180302049599392	0.937857166981663
76 0.723984152105691	0.0920052826314362	0.0920052826314362	0.0920052826314362
77 0.00668988555434189	0.964341968178215	0.0162418105034615	0.0127263357639817
78 0.00336580972910419	0.0811112233664677	0.00436415411400599	0.911158812790423
79 0.723984152105692	0.0920052826314362	0.0920052826314362	0.0920052826314362
80 0.0920052826314362	0.0920052826314362	0.0920052826314362	0.723984152105692
81 0.723984152105692	0.0920052826314362	0.0920052826314362	0.0920052826314362
82 0.0920052826314362	0.0920052826314362	0.723984152105692	0.0920052826314362
83 0.723984152105692	0.0920052826314362	0.0920052826314362	0.0920052826314362
84 0.0270545060039849	0.26277831464413	0.664910194114267	0.0452569852376186
85 0.00783706500729438	0.0162846449331226	0.968533353406751	0.00734493665283271
86 0.0920052826314362	0.0920052826314362	0.723984152105692	0.0920052826314362
87 0.0920052826314362	0.0920052826314362	0.0920052826314362	0.723984152105692
88 0.0920052826314362	0.0920052826314362	0.723984152105692	0.0920052826314362
89 0.723984152105692	0.0920052826314362	0.0920052826314362	0.0920052826314362
90 0.00615380485361038	0.962585264045165	0.0173992736208959	0.0138616574803293
91 0.0253528074402902	0.615727829130195	0.284126014662402	0.0747933487671127
92 0.0920052826314362	0.0920052826314362	0.723984152105692	0.0920052826314362
93 0.0920052826314362	0.0920052826314362	0.0920052826314362	0.723984152105692
94 0.723984152105692	0.0920052826314362	0.0920052826314362	0.0920052826314362
95 0.0920052826314362	0.0920052826314362	0.0920052826314362	0.723984152105692
96 0.0920052826314362	0.0920052826314362	0.723984152105692	0.0920052826314362
97 0.0317514204789406	0.00424099634858622	0.959659021100327	0.00434856207214659
98 0.00725260582980291	0.0161490240193539	0.969689367258919	0.0069090028919241
99 0.723984152105692	0.0920052826314361	0.0920052826314361	0.0920052826314361
100 0.927849091462567	0.0183008049529281	0.0337328812981963	0.0201172222863092
101 0.0920052826314362	0.0920052826314362	0.0920052826314362	0.723984152105692
102 0.723984152105691	0.0920052826314362	0.0920052826314362	0.0920052826314362
103 0.00954318114125726	0.934254302122905	0.0265463653714347	0.0296561513644037
104 0.0108162766543919	0.0307015594705407	0.945236646862631	0.0132455170124369
105 0.723984152105692	0.092005282631436	0.092005282631436	0.092005282631436
106 0.0114841926029364	0.934156263916787	0.0327658542312695	0.0215936892490078
107 0.00396696875613536	0.0175432541557116	0.97488328108627	0.00360649600188323
108 0.00214798190066724	0.0468893585225816	0.00429250962230535	0.946670149954447
109 0.00577030814145476	0.0105685973843314	0.978080342704323	0.00558075176989129
110 0.0028911210400362	0.975231655429604	0.0151388521258048	0.00673837140455565
111 0.0100561483205715	0.34739390142552	0.0365000578183793	0.606049892435531
112 0.00358665110536187	0.0150344163235956	0.978710151435045	0.00266878113599843
113 0.00983263082825637	0.0588925518835742	0.0657090010687073	0.865565816219462
114 0.869426057291739	0.0447124096563256	0.0748320799377877	0.0110294531141482
115 0.0973512408836092	0.0797380101841441	0.805773461760313	0.0171372871719342
116 0.00264029017211198	0.975348128262978	0.0137373639954252	0.00827421756948526
117 0.0130053963325174	0.0381657651008074	0.019232535510394	0.929596303056281
118 0.0920052826314362	0.0920052826314362	0.0920052826314362	0.723984152105691
