0 0.000262964432656299	4.18245370488898e-5	0.999596979632514	9.82313977807516e-5
1 5.87595558708637e-5	0.000176110777926774	0.000110672434158954	0.999654457232043
2 0.000100110550022218	4.77453559524051e-5	0.999797122343312	5.50217507131155e-5
3 3.58774090954014e-5	0.000127459364307429	6.53686905950939e-5	0.999771294536002
4 0.99940747390757	6.23700977599531e-5	0.000485316235189826	4.48397594806899e-5
5 3.47132332166023e-5	0.999680262764127	2.90401029440536e-5	0.000255983899712609
6 0.00645708970930702	6.84045008564611e-5	0.99343330720017	4.11985896662501e-5
7 0.000186955362056599	3.67580547183597e-5	0.999720490378278	5.57962049469794e-5
8 0.435350359244562	0.413184671783783	0.00211532820240636	0.149349640769249
9 0.00780736188466925	0.00780736188466925	0.00780736188466925	0.976577914345992
10 0.976577914345992	0.00780736188466925	0.00780736188466925	0.00780736188466925
11 0.976577914345992	0.00780736188466925	0.00780736188466925	0.00780736188466925
12 0.976577914345992	0.00780736188466925	0.00780736188466925	0.00780736188466925
13 4.98776395552352e-5	0.999608870640306	3.04813312541838e-5	0.000310770388884597
14 4.13178222880978e-5	0.000189992709127881	6.87189935441526e-5	0.999699970475039
15 0.976577914345992	0.00780736188466925	0.00780736188466925	0.00780736188466925
16 0.00155343363748122	0.783421141735541	0.00263130160925038	0.212394123017727
17 0.527497340345922	0.446455447058057	0.0041887247511352	0.0218584878448865
18 0.000114327155263334	4.0183997598885e-5	0.999789674936127	5.58139110103804e-5
19 0.000159544000490563	4.76250846567899e-5	0.99971706032208	7.57705927722804e-5
20 0.792032368962769	0.00100289895235441	0.205287186616032	0.00167754546884532
21 0.976577914345992	0.00780736188466925	0.00780736188466925	0.00780736188466925
22 0.976577914345992	0.00780736188466925	0.00780736188466925	0.00780736188466925
23 0.976577914345992	0.00780736188466925	0.00780736188466925	0.00780736188466925
24 0.117902183083773	0.408401105916337	0.463810943586639	0.00988576741325096
25 8.91759057342858e-5	0.999096847243113	2.94546314662202e-5	0.000784522219685936
26 0.00780736188466925	0.00780736188466925	0.00780736188466925	0.976577914345992
27 0.00780736188466925	0.976577914345991	0.00780736188466925	0.00780736188466925
28 4.77740455825985e-5	0.999614548648386	3.10620199374848e-5	0.000306615286093388
29 4.76667143376852e-5	0.999617912675111	4.73797097503073e-5	0.000287040900800361
30 9.29894755280141e-5	4.07052299000413e-5	0.999819401493452	4.69038011196014e-5
31 6.71643570570218e-5	0.000168192591872782	8.43368853718395e-5	0.999680306165698
32 3.29846077373662e-5	0.000183247353136432	5.68393182187349e-5	0.999726928720907
33 4.67217286511808e-5	0.999611025696444	2.74225796497584e-5	0.000314829995255003
34 0.00780736188466924	0.976577914345991	0.00780736188466924	0.00780736188466924
35 0.00780736188466925	0.00780736188466925	0.976577914345992	0.00780736188466925
36 0.00780736188466925	0.00780736188466925	0.976577914345992	0.00780736188466925
37 0.00780736188466924	0.00780736188466924	0.00780736188466924	0.976577914345992
38 0.00780736188466925	0.976577914345992	0.00780736188466925	0.00780736188466925
39 0.00780736188466924	0.976577914345992	0.00780736188466924	0.00780736188466924
40 0.000125103875252154	2.82100303918207e-5	0.999795249389966	5.14367043892867e-5
41 0.999458247730238	6.33338821331791e-5	0.000420740431626776	5.76779560020152e-5
42 0.00780736188466924	0.00780736188466924	0.00780736188466924	0.976577914345992
43 0.00780736188466924	0.00780736188466924	0.00780736188466924	0.976577914345991
44 0.999385512075034	9.08310675153761e-5	0.000437765331799469	8.58915256508963e-5
45 4.28341982849913e-5	0.999582487395284	4.1066097409921e-5	0.00033361230902077
46 8.02694294838816e-5	4.70303737927652e-5	0.999821783519828	5.09166768950343e-5
47 0.000122675610638854	3.16844340796169e-5	0.999793107001787	5.25329534935444e-5
48 0.00780736188466924	0.00780736188466924	0.976577914345991	0.00780736188466924
49 0.976577914345991	0.00780736188466924	0.00780736188466924	0.00780736188466924
50 0.000296473966262107	3.26597867419844e-5	0.999574435784134	9.64304628612797e-5
51 0.010405560886746	0.621842833171656	0.356533041433361	0.0112185645082363
52 0.00780736188466925	0.00780736188466925	0.976577914345991	0.00780736188466925
53 0.00780736188466925	0.00780736188466925	0.00780736188466925	0.976577914345992
54 0.976577914345992	0.00780736188466925	0.00780736188466925	0.00780736188466925
55 0.00780736188466925	0.00780736188466925	0.976577914345992	0.00780736188466925
56 0.000916003208721681	0.853227278048342	0.00160987063672443	0.144246848106212
57 6.78074351481622e-5	0.999497018648804	4.72521791511575e-5	0.000387921736896789
58 5.07091987336413e-5	0.999520101217507	3.98752102234557e-5	0.000389314373536293
59 0.00314239537409469	0.0129303818997935	0.604771019753813	0.379156202972299
60 0.734557191603416	0.00162890298589686	0.261176211800495	0.00263769361019152
61 0.00780736188466925	0.00780736188466925	0.00780736188466925	0.976577914345992
62 0.00780736188466925	0.976577914345992	0.00780736188466925	0.00780736188466925
63 0.999386133067069	7.17288938796611e-5	0.000483954662683627	5.81833763677143e-5
64 0.000138590333053672	3.13160766806372e-5	0.999774772775159	5.53208151068915e-5
65 0.00896206923350261	0.168955288663991	0.0256426267925498	0.796440015309956
66 3.41787683728099e-5	0.999616551122306	2.8832531130636e-5	0.000320437578189639
67 6.26577401026819e-5	0.99931296801324	3.47826368156356e-5	0.000589591609841015
68 0.00780736188466924	0.976577914345992	0.00780736188466924	0.00780736188466924
69 0.000151144790825999	3.62730208359864e-5	0.999749691761833	6.28904265042048e-5
70 0.998399365576098	9.45784304434083e-5	0.00143244067986674	7.36153135912759e-5
71 0.00780736188466924	0.976577914345991	0.00780736188466924	0.00780736188466924
72 0.00780736188466925	0.00780736188466925	0.00780736188466925	0.976577914345991
73 0.976577914345991	0.00780736188466925	0.00780736188466925	0.00780736188466925
74 0.00780736188466924	0.00780736188466924	0.976577914345992	0.00780736188466924
75 3.55573149948089e-5	0.000273216199933949	6.35440899354111e-5	0.999627682395135
76 0.976577914345992	0.00780736188466924	0.00780736188466924	0.00780736188466924
77 7.01305463727514e-5	0.999538127170348	3.13397368031003e-5	0.000360402546476165
78 0.00186791571696096	0.00256073894277572	0.0565121236376536	0.93905922170261
79 0.976577914345992	0.00780736188466925	0.00780736188466925	0.00780736188466925
80 0.00780736188466926	0.00780736188466926	0.976577914345993	0.00780736188466926
81 0.00780736188466925	0.00780736188466925	0.976577914345992	0.00780736188466925
82 0.00780736188466925	0.00780736188466925	0.976577914345992	0.00780736188466925
83 0.00780736188466925	0.00780736188466925	0.00780736188466925	0.976577914345993
84 0.000150226869951863	2.86587779608276e-5	0.999766460910988	5.46534410994804e-5
85 0.000123942656395904	3.12501848367136e-5	0.999794742856908	5.00643018596406e-5
86 0.00780736188466925	0.00780736188466925	0.976577914345992	0.00780736188466925
87 0.00780736188466925	0.00780736188466925	0.976577914345993	0.00780736188466925
88 0.00780736188466925	0.00780736188466925	0.976577914345993	0.00780736188466925
89 0.976577914345993	0.00780736188466925	0.00780736188466925	0.00780736188466925
90 4.52036209758843e-5	0.99961769025127	3.08419116956192e-5	0.000306264216058888
91 4.91738438528662e-5	0.999509568360159	2.79214412655061e-5	0.000413336354722585
92 0.976577914345992	0.00780736188466925	0.00780736188466925	0.00780736188466925
93 0.00780736188466925	0.976577914345993	0.00780736188466925	0.00780736188466925
94 0.00780736188466925	0.976577914345993	0.00780736188466925	0.00780736188466925
95 0.00780736188466925	0.00780736188466925	0.00780736188466925	0.976577914345992
96 0.00780736188466925	0.00780736188466925	0.976577914345992	0.00780736188466925
97 0.0783980029039611	0.16375963595239	0.745855834844009	0.0119865262996399
98 0.000171503295681983	3.31930239091102e-5	0.999720181970471	7.51217099378809e-5
99 0.976577914345992	0.00780736188466925	0.00780736188466925	0.00780736188466925
100 0.999423075881587	6.95888287299527e-5	0.000429756058024962	7.75792316576368e-5
101 0.00780736188466924	0.976577914345991	0.00780736188466924	0.00780736188466924
102 0.976577914345992	0.00780736188466925	0.00780736188466925	0.00780736188466925
103 5.5518973455255e-5	0.000719155932279273	9.4022611663677e-5	0.999131302482601
104 5.69392440662441e-5	0.999527776550489	3.53997933524394e-5	0.000379884412091293
105 0.00780736188466924	0.00780736188466924	0.976577914345991	0.00780736188466924
106 0.000200953323356927	3.6111134299804e-5	0.999691956806108	7.09787362351709e-5
107 9.20325530611193e-5	2.90716294988267e-5	0.999841203249435	3.76925680042763e-5
108 0.143596784636531	0.014746961021257	0.815104748235406	0.0265515061068052
109 0.00270814572764888	0.00572277882458722	0.764760976355555	0.226808099092209
110 4.93076081868322e-5	0.999390469687215	3.54028774956698e-5	0.000524819827102561
111 6.58145625480224e-5	0.00891946949890047	3.4451017141209e-5	0.99098026492141
112 8.90686991807095e-5	2.93545421337913e-5	0.999843630182671	3.7946576014433e-5
113 3.57173751321126e-5	0.000135835404276288	6.08440151531167e-5	0.999767603205438
114 0.999439571254709	6.8056708531177e-5	0.000444693056919582	4.76789798400791e-5
115 5.01131559992459e-5	0.999583786729035	4.7629305116123e-5	0.000318470809849847
116 0.99910001870955	0.000119570482138648	0.000699822347208848	8.05884611025342e-5
117 7.95832861225911e-5	0.99926259542334	3.72337243286274e-5	0.00062058756620853
118 0.00780736188466925	0.00780736188466925	0.00780736188466925	0.976577914345992
