0 0.999598297143182	4.59617849901914e-5	0.000309614509472108	4.61265623550612e-5
1 0.0186268216239294	0.000196145247658662	0.981039216311936	0.00013781681647549
2 0.00118002932369663	0.00847827992104833	0.640904566267799	0.349437124487456
3 7.11969828163633e-6	5.36363009829661e-5	1.70955804055709e-5	0.99992214842033
4 0.999777926860765	1.42895411572125e-5	0.000197757925058952	1.00256730179633e-5
5 9.81750984851738e-6	0.999881417718672	4.03869444851313e-6	0.000104726077030326
6 0.00283725776883341	2.00651881705545e-5	0.99713232535098	1.03516920154663e-5
7 5.31638082238626e-5	5.42129329697714e-6	0.999928965788147	1.24491103322495e-5
8 2.16477325879918e-5	0.99873680769473	3.99469737018922e-6	0.00123754987531129
9 0.00344500520307548	0.989664984390773	0.00344500520307548	0.00344500520307548
10 0.989664984390773	0.00344500520307548	0.00344500520307548	0.00344500520307548
11 0.00344500520307548	0.989664984390773	0.00344500520307548	0.00344500520307548
12 0.989664984390772	0.00344500520307548	0.00344500520307548	0.00344500520307548
13 8.18755802624077e-6	7.10538586368629e-5	2.15799852545935e-5	0.999899178598083
14 0.0074241051703423	0.58005117435363	0.408991479092262	0.00353324138376591
15 0.989664984390774	0.00344500520307548	0.00344500520307548	0.00344500520307548
16 9.59098887285376e-6	7.70009779081485e-5	2.20903619518308e-5	0.999891317671267
17 1.34514014048196e-5	0.999838932295501	7.12488759823765e-6	0.00014049141549643
18 4.10559190276069e-5	7.33636568192156e-6	0.999936994621983	1.46130933078056e-5
19 7.64591357617611e-6	6.61209792363148e-5	1.68183331207939e-5	0.999909414774067
20 0.000147535958980636	6.89825127063457e-6	0.999821816188191	2.37496015571724e-5
21 0.989664984390773	0.00344500520307548	0.00344500520307548	0.00344500520307548
22 0.989664984390773	0.00344500520307548	0.00344500520307548	0.00344500520307548
23 0.00344500520307548	0.00344500520307548	0.00344500520307548	0.989664984390773
24 0.996906901647417	4.37213110901877e-5	0.00302161087172161	2.77661697711997e-5
25 0.00492939549252292	0.541714331034333	0.403774429883545	0.0495818435895989
26 0.00344500520307548	0.00344500520307548	0.989664984390774	0.00344500520307548
27 0.00344500520307549	0.989664984390774	0.00344500520307549	0.00344500520307549
28 1.9616454044272e-5	0.999814389683018	4.34716522689035e-6	0.000161646697710799
29 0.478874055277201	0.502608077796355	0.00151247803085058	0.0170053888955939
30 0.99972314670921	2.93570387224058e-5	0.000228700873947384	1.87953781195545e-5
31 0.593641295232102	0.00866525905952527	0.00341532537072233	0.39427812033765
32 0.282329490030831	0.00279060512137567	0.0187645928878206	0.696115311959973
33 1.94350003137939e-5	0.999832785968813	3.99221948591576e-6	0.000143786811387056
34 0.00344500520307548	0.989664984390773	0.00344500520307548	0.00344500520307548
35 0.00344500520307548	0.989664984390773	0.00344500520307548	0.00344500520307548
36 0.00344500520307548	0.00344500520307548	0.989664984390773	0.00344500520307548
37 0.00344500520307548	0.00344500520307548	0.00344500520307548	0.989664984390773
38 0.00344500520307548	0.989664984390773	0.00344500520307548	0.00344500520307548
39 0.00344500520307548	0.989664984390773	0.00344500520307548	0.00344500520307548
40 6.74658349881309e-5	4.78503067322396e-6	0.999905693631033	2.20555033056785e-5
41 0.438219484600664	0.0025955356173375	0.0222256499543385	0.53695932982766
42 0.00344500520307548	0.989664984390773	0.00344500520307548	0.00344500520307548
43 0.00344500520307548	0.989664984390773	0.00344500520307548	0.00344500520307548
44 0.469010100449117	0.01116215469026	0.00323225590304818	0.516595488957574
45 1.01355726474597e-5	7.2868140499329e-5	2.65492041084824e-5	0.999890447082744
46 0.00121068613400167	0.00534840873047483	0.652085649025804	0.34135525610972
47 7.3886885806492e-5	5.26871575200659e-6	0.999898452023576	2.23923748656403e-5
48 0.00344500520307548	0.989664984390773	0.00344500520307548	0.00344500520307548
49 0.989664984390774	0.00344500520307548	0.00344500520307548	0.00344500520307548
50 0.005174198699366	0.381895389451038	0.59393645157262	0.0189939602769759
51 2.380235561827e-5	0.000944312894072336	3.7579393407831e-5	0.998994305356901
52 0.00344500520307548	0.989664984390774	0.00344500520307548	0.00344500520307548
53 0.989664984390774	0.00344500520307548	0.00344500520307548	0.00344500520307548
54 0.00344500520307549	0.00344500520307549	0.989664984390774	0.00344500520307549
55 0.989664984390774	0.00344500520307549	0.00344500520307549	0.00344500520307549
56 1.81285594202608e-5	0.99967625098164	4.57503952291574e-6	0.000301045419417148
57 0.999630016839411	1.81196840574427e-5	0.000335842246976075	1.60212295560244e-5
58 1.27949757983522e-5	0.999809526573177	6.84505186943075e-6	0.000170833399154763
59 3.67962072305743e-5	7.80560045773623e-6	0.999940256402461	1.51417898508792e-5
60 0.999758794580507	2.49866757287596e-5	0.00019410937142165	2.21093723423228e-5
61 0.00344500520307548	0.00344500520307548	0.00344500520307548	0.989664984390773
62 0.00344500520307548	0.989664984390773	0.00344500520307548	0.00344500520307548
63 0.0095652213170899	0.433101151508066	0.553858595669058	0.00347503150578658
64 0.999776554179309	2.29456153755134e-5	0.000185416081066943	1.50841242481184e-5
65 0.00017400190326176	2.70534622471901e-6	0.999822158258526	1.13449198687488e-6
66 9.31034885303141e-6	0.999896672425423	3.86866639931981e-6	9.01485593241371e-5
67 9.82277637429389e-6	0.000101220821289713	2.44677165928566e-5	0.999864488685742
68 0.00344500520307548	0.00344500520307548	0.00344500520307548	0.989664984390773
69 2.02776174011126e-5	0.999832629367508	7.84613234288798e-6	0.000139246882747202
70 0.000261789030579921	7.16625156148266e-6	0.999700759500759	3.02852170988579e-5
71 0.00344500520307548	0.00344500520307548	0.00344500520307548	0.989664984390772
72 0.00344500520307548	0.989664984390772	0.00344500520307548	0.00344500520307548
73 0.989664984390772	0.00344500520307548	0.00344500520307548	0.00344500520307548
74 0.00344500520307548	0.00344500520307548	0.989664984390772	0.00344500520307548
75 7.57150516967765e-6	0.000110415939872502	2.00655528625706e-5	0.999861947002094
76 0.00344500520307548	0.00344500520307548	0.00344500520307548	0.989664984390773
77 2.11528154596642e-5	0.999832920678513	4.38435307753582e-6	0.000141542152948198
78 7.15722601491451e-6	0.000417857665088374	4.6324883764032e-7	0.999574521860058
79 0.989664984390772	0.00344500520307548	0.00344500520307548	0.00344500520307548
80 0.00344500520307548	0.00344500520307548	0.00344500520307548	0.989664984390772
81 0.00344500520307548	0.00344500520307548	0.989664984390772	0.00344500520307548
82 0.00344500520307548	0.00344500520307548	0.989664984390772	0.00344500520307548
83 0.00344500520307548	0.00344500520307548	0.00344500520307548	0.989664984390772
84 6.58901034092663e-5	4.89278124843604e-6	0.999910568629016	1.86484863254173e-5
85 0.999787755570091	2.1173317786366e-5	0.00017859902602616	1.24720860950662e-5
86 0.00344500520307548	0.989664984390772	0.00344500520307548	0.00344500520307548
87 0.989664984390772	0.00344500520307548	0.00344500520307548	0.00344500520307548
88 0.00344500520307548	0.00344500520307548	0.989664984390772	0.00344500520307548
89 0.989664984390772	0.00344500520307548	0.00344500520307548	0.00344500520307548
90 8.28534875771298e-6	6.63394505806037e-5	1.99014872243616e-5	0.999905473713436
91 1.61351392746241e-5	0.99980448213099	4.28074770319184e-6	0.000175101982031254
92 0.989664984390773	0.00344500520307548	0.00344500520307548	0.00344500520307548
93 0.00344500520307548	0.989664984390772	0.00344500520307548	0.00344500520307548
94 0.989664984390772	0.00344500520307548	0.00344500520307548	0.00344500520307548
95 0.00344500520307548	0.00344500520307548	0.00344500520307548	0.989664984390772
96 0.00344500520307548	0.00344500520307548	0.989664984390772	0.00344500520307548
97 0.000359840563769769	5.86455455987815e-6	0.999580297606429	5.39972752401094e-5
98 5.95680449352717e-5	5.2494523308639e-6	0.999912259751253	2.29227514794272e-5
99 0.989664984390772	0.00344500520307548	0.00344500520307548	0.00344500520307548
100 0.999772564373214	2.28449280556627e-5	0.000178825128661718	2.57655700672108e-5
101 0.00344500520307548	0.00344500520307548	0.989664984390772	0.00344500520307548
102 0.989664984390772	0.00344500520307548	0.00344500520307548	0.00344500520307548
103 2.38095869073003e-5	0.999442872868606	5.38638873777195e-6	0.000527931155748271
104 5.25320658188294e-5	8.45038182539817e-6	0.999916781349579	2.2236202775569e-5
105 0.989664984390773	0.00344500520307548	0.00344500520307548	0.00344500520307548
106 0.999634247816666	2.68530487524306e-5	0.000317876389003713	2.10227455765347e-5
107 3.53048266394026e-5	4.19514017713831e-6	0.999949768478272	1.07315549101269e-5
108 3.78584497580863e-6	0.000203797569994147	2.38550181757093e-7	0.999792178034847
109 0.000305155122028606	6.2700405487433e-6	0.999657952496369	3.06223410540158e-5
110 1.05117996243365e-5	0.999761356804877	4.92605165161102e-6	0.000223205343846649
111 2.15015640621324e-5	0.00392004271027686	4.81644139544584e-6	0.996053639284265
112 3.19316927136983e-5	4.350502898254e-6	0.999952673856884	1.1043947503966e-5
113 6.35749215086288e-6	4.50739059266731e-5	1.3314746239928e-5	0.999935253855682
114 0.999790410171043	1.92483478257188e-5	0.000176818364799487	1.35231163313456e-5
115 0.519604467658005	0.462515285175206	0.0014572798520256	0.0164229673147638
116 0.00016608016927209	0.0269204773370034	4.27832504021108e-5	0.972870659243322
117 1.39301263311038e-5	0.000143455155561691	3.69351118667983e-5	0.99980567960624
118 0.00344500520307548	0.00344500520307548	0.00344500520307548	0.989664984390774
