0 0.817212002156544	0.0280348176545877	0.143558940366208	0.0111942398226598
1 0.0800558007134665	0.34407606088414	0.390090308129704	0.18577783027269
2 0.000365905961869862	0.98828274777743	0.00907554952068625	0.00227579674001384
3 0.21858521855954	0.306191423977662	0.245578939208018	0.229644418254779
4 0.00336376959890535	0.12961536311445	0.808141003542764	0.05887986374388
5 0.000292782776647528	0.989547456034998	0.00844724027354533	0.00171252091480935
6 0.0708018751452326	0.822600074481989	0.0980036196619089	0.00859443071086932
7 0.000589092536159526	0.0240846932129736	0.974327888660698	0.000998325590168681
8 0.0015154365519956	0.970373994002749	0.00669049732981193	0.0214200721154433
9 0.0724131980337933	0.78276040589862	0.0724131980337933	0.0724131980337933
10 0.782760405898621	0.0724131980337933	0.0724131980337933	0.0724131980337933
11 0.0724131980337933	0.0724131980337933	0.0724131980337933	0.78276040589862
12 0.78276040589862	0.0724131980337933	0.0724131980337933	0.0724131980337933
13 0.00157912823625229	0.967426390168789	0.0146451328144714	0.0163493487804862
14 0.897727837100007	0.0495228935998861	0.0382685707854607	0.0144806985146445
15 0.0724131980337932	0.0724131980337932	0.0724131980337932	0.782760405898619
16 0.270700523525496	0.146216865853408	0.212520107268191	0.370562503352903
17 0.000216557072577642	0.992265278278075	0.00625768090835206	0.00126048374099432
18 0.000192594271859917	0.994159431172951	0.00326046099500993	0.00238751356017851
19 0.813845392842206	0.0775939408186853	0.0997876585540271	0.00877300778507996
20 0.00163812443111635	0.0106988646202584	0.983236324807952	0.00442668614067216
21 0.782760405898618	0.0724131980337932	0.0724131980337932	0.0724131980337932
22 0.782760405898619	0.0724131980337932	0.0724131980337932	0.0724131980337932
23 0.782760405898619	0.0724131980337932	0.0724131980337932	0.0724131980337932
24 0.142876011924684	0.0459353870089551	0.795348355325506	0.0158402457408544
25 0.00594518993383342	0.269048286659252	0.0215336694628595	0.703472853944054
26 0.782760405898619	0.0724131980337932	0.0724131980337932	0.0724131980337932
27 0.0724131980337932	0.78276040589862	0.0724131980337932	0.0724131980337932
28 0.00301213698449254	0.959506786752422	0.0234685479464665	0.0140125283166178
29 0.00380758380932337	0.476284330083995	0.502837580380355	0.0170705057263264
30 0.000301487855498746	0.01258584861459	0.986278532386261	0.000834131143649276
31 0.90003612585437	0.0363998009296659	0.0498802227158525	0.0136838505001101
32 0.00546235584456043	0.0307701669491469	0.0447702788701686	0.918997198336123
33 0.00157682133136079	0.976879253344145	0.0056715775988296	0.0158723477256629
34 0.0724131980337931	0.78276040589862	0.0724131980337931	0.0724131980337931
35 0.0724131980337931	0.78276040589862	0.0724131980337931	0.0724131980337931
36 0.0724131980337931	0.0724131980337931	0.782760405898619	0.0724131980337931
37 0.0724131980337931	0.0724131980337931	0.0724131980337931	0.782760405898619
38 0.0724131980337931	0.782760405898619	0.0724131980337931	0.0724131980337931
39 0.0724131980337931	0.782760405898619	0.0724131980337931	0.0724131980337931
40 0.000981556758856136	0.00493693500108012	0.991770044310952	0.00231146392911027
41 0.89978389291596	0.0365327755090782	0.0499834723693101	0.0136998592056508
42 0.0724131980337932	0.0724131980337932	0.0724131980337932	0.782760405898619
43 0.0724131980337932	0.782760405898619	0.0724131980337932	0.0724131980337932
44 0.00534848404276973	0.0306520978849768	0.0447351673870063	0.919264250685245
45 0.000506594620665766	0.98440756016698	0.0129133851375735	0.00217246007478013
46 0.00378173436019282	0.489501821606431	0.489579952700419	0.0171364913329555
47 0.00326845613118749	0.020240773078094	0.970250858937852	0.00623991185286512
48 0.782760405898618	0.0724131980337932	0.0724131980337932	0.0724131980337932
49 0.782760405898618	0.0724131980337932	0.0724131980337932	0.0724131980337932
50 0.0404150773444315	0.0203947547740878	0.932106063258874	0.00708410462260505
51 0.0128656295458563	0.805732944401648	0.0489100032039532	0.132491422848541
52 0.0724131980337933	0.782760405898619	0.0724131980337933	0.0724131980337933
53 0.782760405898619	0.0724131980337932	0.0724131980337932	0.0724131980337932
54 0.782760405898619	0.0724131980337932	0.0724131980337932	0.0724131980337932
55 0.782760405898619	0.0724131980337932	0.0724131980337932	0.0724131980337932
56 0.00196381696218091	0.975203950447982	0.0131617337987497	0.00967049879108583
57 0.00664910082180913	0.0753207567078522	0.0797178477819561	0.838312294688381
58 0.000324129633353282	0.00315765091766637	0.996222815099776	0.000295404349203473
59 0.00025017434431335	0.00607767383815269	0.993275587674756	0.000396564142777017
60 0.370431527759885	0.172795152956771	0.154041938451412	0.30273138083193
61 0.782760405898619	0.0724131980337931	0.0724131980337931	0.0724131980337931
62 0.782760405898619	0.0724131980337932	0.0724131980337932	0.0724131980337932
63 0.0074602429493638	0.0122445073292186	0.0565433491651668	0.92375190055625
64 0.00253682849591475	0.0126114082702209	0.98123891045336	0.00361285278050282
65 0.00804132935016726	0.514335248479067	0.0674072695283912	0.410216152642375
66 0.000322434550022641	0.993760894332639	0.00479103456066269	0.00112563655667564
67 0.0011334525054738	0.982760360625543	0.00217911587919021	0.0139270709897929
68 0.0724131980337933	0.0724131980337933	0.0724131980337933	0.782760405898621
69 0.852397610322372	0.011799032691476	0.126401894318702	0.00940146266744966
70 0.0016345603573543	0.00992898054504198	0.984195157457772	0.00424130163983243
71 0.0724131980337933	0.0724131980337933	0.0724131980337933	0.782760405898621
72 0.0724131980337933	0.78276040589862	0.0724131980337933	0.0724131980337933
73 0.78276040589862	0.0724131980337933	0.0724131980337933	0.0724131980337933
74 0.0724131980337933	0.0724131980337933	0.782760405898621	0.0724131980337933
75 0.0724131980337933	0.0724131980337933	0.0724131980337933	0.782760405898621
76 0.78276040589862	0.0724131980337933	0.0724131980337933	0.0724131980337933
77 0.00228099918089062	0.975986651871478	0.0135469148190423	0.00818543412858975
78 0.00494522651795131	0.368611196264175	0.00952620962339313	0.616917367594481
79 0.782760405898621	0.0724131980337933	0.0724131980337933	0.0724131980337933
80 0.0724131980337933	0.78276040589862	0.0724131980337933	0.0724131980337933
81 0.0724131980337933	0.0724131980337933	0.78276040589862	0.0724131980337933
82 0.0724131980337933	0.0724131980337933	0.782760405898621	0.0724131980337933
83 0.0724131980337933	0.0724131980337933	0.0724131980337933	0.78276040589862
84 0.00115675072271997	0.00189731056665659	0.995433244526119	0.00151269418450417
85 0.00184167979903245	0.00911019559422922	0.985631189127764	0.0034169354789751
86 0.0724131980337933	0.0724131980337933	0.782760405898621	0.0724131980337933
87 0.0724131980337933	0.0724131980337933	0.782760405898621	0.0724131980337933
88 0.0724131980337933	0.0724131980337933	0.782760405898621	0.0724131980337933
89 0.0724131980337933	0.78276040589862	0.0724131980337933	0.0724131980337933
90 0.0013623940203281	0.980790682497947	0.0111647370528762	0.00668218642884906
91 0.00116643492483756	0.982605434823459	0.0022435698263232	0.0139845604253803
92 0.78276040589862	0.0724131980337933	0.0724131980337933	0.0724131980337933
93 0.0724131980337933	0.782760405898621	0.0724131980337933	0.0724131980337933
94 0.0724131980337933	0.0724131980337933	0.78276040589862	0.0724131980337933
95 0.0724131980337933	0.0724131980337933	0.0724131980337933	0.78276040589862
96 0.0724131980337933	0.0724131980337933	0.0724131980337933	0.78276040589862
97 0.0528633908378929	0.00805743822668637	0.932665173020763	0.00641399791465808
98 0.00221479728290963	0.0126829104332727	0.981957288717158	0.00314500356666021
99 0.78276040589862	0.0724131980337932	0.0724131980337932	0.0724131980337932
100 0.782760405898621	0.0724131980337933	0.0724131980337933	0.0724131980337933
101 0.0724131980337933	0.0724131980337933	0.0724131980337933	0.782760405898621
102 0.0724131980337933	0.0724131980337933	0.782760405898621	0.0724131980337933
103 0.00199797501305254	0.976715514404151	0.0121723071718219	0.00911420341097456
104 0.0072490418079539	0.047716665813373	0.0139514535509718	0.931082838827702
105 0.782760405898619	0.0724131980337932	0.0724131980337932	0.0724131980337932
106 0.00113080693234991	0.00183328520676611	0.995556624682986	0.0014792831778979
107 0.00029868519710115	0.00467440814600086	0.994587845692214	0.000439060964684472
108 0.119886985074675	0.0548060985492401	0.804664416046767	0.0206425003293183
109 0.00111287581349473	0.00634778034233858	0.990681190304698	0.00185815353946895
110 0.000806366355371706	0.970779849667804	0.0242766524477706	0.00413713152905372
111 0.00650594819300457	0.0752535357868402	0.824681178225075	0.0935593377950805
112 0.000288803733555388	0.00833773085945023	0.990971173216252	0.000402292190742617
113 0.0452181806194386	0.805991116689228	0.143270154734314	0.00552054795701885
114 0.222904746968026	0.238534429988706	0.312956664157173	0.225604158886094
115 0.000336463902139653	0.00891884970867677	0.990222080615304	0.000522605773879343
116 0.139999065004954	0.32200974132261	0.389797525777661	0.148193667894775
117 0.00867576415262785	0.0459796206478853	0.0305532933246196	0.914791321874867
118 0.0724131980337933	0.0724131980337933	0.0724131980337933	0.78276040589862
