0 0.782528476881717	0.0341028658000595	0.167960700535569	0.0154079567826543
1 0.560313586293285	0.193526169458524	0.235755930589808	0.010404313658383
2 0.00237029001263164	0.893323823872347	0.0767534001450308	0.0275524859699897
3 0.00437486616123566	0.166007449482246	0.0618345122847888	0.767783172071728
4 0.029164628026562	0.883852307234291	0.0840150019067339	0.00296806283241288
5 0.0597904690271954	0.843146156700568	0.0894255873577407	0.0076377869144957
6 0.0536086318186341	0.0538867206591556	0.886295552872935	0.00620909464927471
7 0.000259619190350586	0.00885852112736297	0.99049404430698	0.000387815375306019
8 0.00141851884328047	0.971534786720782	0.00629286637046532	0.0207538280654721
9 0.0702046225381965	0.78938613238541	0.0702046225381965	0.0702046225381965
10 0.78938613238541	0.0702046225381965	0.0702046225381965	0.0702046225381965
11 0.0702046225381964	0.0702046225381964	0.0702046225381964	0.78938613238541
12 0.0702046225381965	0.0702046225381965	0.0702046225381965	0.789386132385411
13 0.00301846093403266	0.967580106502705	0.0165485810667783	0.0128528514964832
14 0.144201996731928	0.0858833216316971	0.744800146628759	0.0251145350076153
15 0.0702046225381964	0.78938613238541	0.0702046225381964	0.0702046225381964
16 0.859767563120872	0.0106482886201826	0.120947839320871	0.00863630893807319
17 0.000164625173639314	0.00211408548716389	0.997407829093773	0.000313460245423548
18 0.000167883862829546	0.00493939560910657	0.994507504612845	0.00038521591521712
19 0.742049952390896	0.0735732816031159	0.177644486043561	0.00673227996242638
20 0.0125768138730878	0.0801594287042917	0.7448367246636	0.16242703275902
21 0.78938613238541	0.0702046225381963	0.0702046225381963	0.0702046225381963
22 0.0702046225381963	0.0702046225381963	0.78938613238541	0.0702046225381963
23 0.78938613238541	0.0702046225381964	0.0702046225381964	0.0702046225381964
24 0.00870799409911958	0.049042275259562	0.810677921283789	0.131571809357528
25 0.0017275608166818	0.975143469089891	0.00601315717764895	0.0171158129157775
26 0.0702046225381963	0.0702046225381963	0.0702046225381963	0.789386132385409
27 0.0702046225381964	0.789386132385409	0.0702046225381964	0.0702046225381964
28 0.00431674949275595	0.942069526272692	0.0333413961030515	0.0202723281314999
29 0.000603177213106277	0.0246992431408029	0.973680781464144	0.00101679818194594
30 0.000213309077588574	0.986551370332822	0.00975254430331198	0.00348277628627628
31 0.903338405011621	0.0465735440669695	0.0365893253538234	0.0134987255675851
32 0.00510971726254727	0.0287772247943899	0.0418574808791093	0.924255577063953
33 0.00147413258237998	0.97796870639767	0.00529358194323762	0.0152635790767111
34 0.0702046225381964	0.78938613238541	0.0702046225381964	0.0702046225381964
35 0.0702046225381964	0.78938613238541	0.0702046225381964	0.0702046225381964
36 0.0702046225381964	0.0702046225381964	0.78938613238541	0.0702046225381964
37 0.0702046225381964	0.0702046225381964	0.0702046225381964	0.78938613238541
38 0.0702046225381964	0.0702046225381964	0.0702046225381964	0.78938613238541
39 0.0702046225381964	0.0702046225381964	0.0702046225381964	0.78938613238541
40 0.000918366125715466	0.00460743861959216	0.992313919348666	0.00216027590602544
41 0.90567077221466	0.034152870985883	0.047362029643682	0.0128143271557736
42 0.0702046225381964	0.0702046225381964	0.0702046225381964	0.789386132385411
43 0.0702046225381964	0.78938613238541	0.0702046225381964	0.0702046225381964
44 0.00688566128693808	0.0112164857088953	0.0531866083476165	0.928711244656549
45 0.000285031888162	0.00966289017786452	0.989749114730936	0.000302963203036035
46 0.000824373167901271	0.969914348316585	0.0248916681548476	0.00436961036066494
47 0.0043313915457169	0.0291958339526195	0.958010462858475	0.00846231164318785
48 0.0702046225381963	0.0702046225381963	0.0702046225381963	0.78938613238541
49 0.789386132385409	0.0702046225381963	0.0702046225381963	0.0702046225381963
50 0.00142598714499698	0.00565033879209042	0.990833294860671	0.00209037920224032
51 0.133490929128461	0.657235386195163	0.0516691135507337	0.157604571125641
52 0.0702046225381964	0.0702046225381964	0.0702046225381964	0.78938613238541
53 0.78938613238541	0.0702046225381963	0.0702046225381963	0.0702046225381963
54 0.78938613238541	0.0702046225381964	0.0702046225381964	0.0702046225381964
55 0.0702046225381964	0.78938613238541	0.0702046225381964	0.0702046225381964
56 0.163265699737766	0.668588175509407	0.0989748056851927	0.0691713190676328
57 0.00433154320014439	0.160284706016565	0.0759740183653979	0.759409732417892
58 0.000206075997849271	0.993708397786643	0.00511853552647442	0.000966990689032532
59 0.000214607627871901	0.996308370729827	0.00221293810471554	0.00126408353758469
60 0.00661685592910358	0.0447121591889049	0.0126677416291523	0.936003243252837
61 0.78938613238541	0.0702046225381964	0.0702046225381964	0.0702046225381964
62 0.789386132385409	0.0702046225381963	0.0702046225381963	0.0702046225381963
63 0.0129392789587952	0.240935271982941	0.0980585776805172	0.648066871377746
64 0.00412631010479639	0.0143234982103035	0.976306647894392	0.0052435437905075
65 0.00852888084421256	0.0490453398690543	0.810613447746474	0.131812331540259
66 0.000203892584697177	0.988192882788757	0.00870027591603966	0.00290294871050528
67 0.903309464614833	0.0465996824166851	0.0365885463122718	0.0135023066562096
68 0.0702046225381964	0.0702046225381964	0.789386132385411	0.0702046225381964
69 0.00136057512903746	0.00434918480016594	0.99240060729376	0.00188963277703579
70 0.00939576065866516	0.52949311062457	0.443677946721682	0.0174331819950822
71 0.0702046225381964	0.0702046225381964	0.0702046225381964	0.78938613238541
72 0.0702046225381964	0.789386132385411	0.0702046225381964	0.0702046225381964
73 0.78938613238541	0.0702046225381964	0.0702046225381964	0.0702046225381964
74 0.0702046225381965	0.0702046225381965	0.789386132385411	0.0702046225381965
75 0.0702046225381965	0.0702046225381965	0.0702046225381965	0.789386132385411
76 0.789386132385411	0.0702046225381965	0.0702046225381965	0.0702046225381965
77 0.00214153964742661	0.977367692827621	0.0126562792794184	0.00783448824553415
78 0.00466770638729046	0.360429661042328	0.00897871963294162	0.62592391293744
79 0.789386132385411	0.0702046225381964	0.0702046225381964	0.0702046225381964
80 0.0702046225381964	0.0702046225381964	0.0702046225381964	0.789386132385411
81 0.0702046225381964	0.0702046225381964	0.789386132385411	0.0702046225381964
82 0.0702046225381964	0.0702046225381964	0.789386132385411	0.0702046225381964
83 0.0702046225381964	0.0702046225381964	0.0702046225381964	0.789386132385411
84 0.00107913023973095	0.00176708054928511	0.995743217736646	0.00141057147433767
85 0.0017176033675597	0.00849073554606121	0.98660540696556	0.00318625412081904
86 0.0702046225381964	0.0702046225381964	0.78938613238541	0.0702046225381964
87 0.0702046225381964	0.0702046225381964	0.789386132385411	0.0702046225381964
88 0.0702046225381964	0.0702046225381964	0.789386132385411	0.0702046225381964
89 0.789386132385411	0.0702046225381964	0.0702046225381964	0.0702046225381964
90 0.00127053553910161	0.981943278332714	0.0104064541277786	0.00637973200040587
91 0.00108785959237261	0.983388691316809	0.00208979243125018	0.0134336566595685
92 0.78938613238541	0.0702046225381964	0.0702046225381964	0.0702046225381964
93 0.0702046225381964	0.78938613238541	0.0702046225381964	0.0702046225381964
94 0.789386132385411	0.0702046225381964	0.0702046225381964	0.0702046225381964
95 0.0702046225381965	0.0702046225381965	0.0702046225381965	0.78938613238541
96 0.0702046225381964	0.0702046225381964	0.78938613238541	0.0702046225381964
97 0.0516806253513182	0.00759333397825249	0.93467294862845	0.00605309204197959
98 0.00207459693650565	0.0118658848866461	0.983127584136649	0.00293193404019894
99 0.789386132385411	0.0702046225381964	0.0702046225381964	0.0702046225381964
100 0.789386132385411	0.0702046225381965	0.0702046225381965	0.0702046225381965
101 0.0702046225381964	0.0702046225381964	0.0702046225381964	0.789386132385411
102 0.789386132385411	0.0702046225381964	0.0702046225381964	0.0702046225381964
103 0.00695248193920724	0.445221898107981	0.536332677147005	0.0114929428058063
104 0.00156673432009376	0.976241331450828	0.00467208325710797	0.0175198509719704
105 0.0702046225381965	0.789386132385411	0.0702046225381965	0.0702046225381965
106 0.00688853995899956	0.0112001687687789	0.0532134491138952	0.928697842158326
107 0.000287264411034592	0.00859088256284391	0.990808567088228	0.000313285937892927
108 0.132111069423773	0.656570287760086	0.0516732609032654	0.159645381912875
109 0.00103767716687382	0.00597343296474984	0.99125093761938	0.00173795224899595
110 0.000310974608970609	0.989162361150831	0.00893536189369838	0.00159130234649969
111 0.00468132034595681	0.699250341531478	0.0554144949624735	0.240653843160091
112 0.005901160447933	0.0700550680737142	0.844866103834632	0.079177667643721
113 0.00206847930509084	0.0611294970550816	0.884737588877046	0.0520644347627813
114 0.750038359337688	0.0596095204689431	0.183752262216287	0.00659985797708132
115 0.0260215625833286	0.0751684252015189	0.894854747259009	0.00395526495614353
116 0.00771683106990178	0.192276576450156	0.196213652047005	0.603792940432937
117 0.0107156437439423	0.0561449369170226	0.0387951788387714	0.894344240500263
118 0.0702046225381964	0.0702046225381964	0.0702046225381964	0.78938613238541
