0 0.292399197569866	0.0407496908443988	0.301606778811441	0.365244332774294
1 0.000424618521766495	0.00728253092812397	0.991492113320628	0.000800737229481548
2 0.797700348240819	0.0873624862098077	0.108348589282124	0.0065885762672487
3 0.00335983915744151	0.074138729259082	0.0918273482329731	0.830674083350503
4 0.775246140107359	0.102801912589295	0.115654497233438	0.00629745006990871
5 0.000689984740194578	0.981807729254976	0.0134381281162145	0.00406415788861493
6 0.0747222945255973	0.0451784001841226	0.872465511077062	0.00763379421321825
7 0.000597157019829378	0.00714022465756126	0.991648111323195	0.000614506999414559
8 0.00575006291165023	0.255723836499787	0.0190427184105956	0.719483382177967
9 0.0730058566264499	0.78098243012065	0.0730058566264499	0.0730058566264499
10 0.78098243012065	0.0730058566264498	0.0730058566264498	0.0730058566264498
11 0.0730058566264498	0.0730058566264498	0.0730058566264498	0.78098243012065
12 0.780982430120651	0.0730058566264499	0.0730058566264499	0.0730058566264499
13 0.009980905991748	0.46992522914029	0.504789960933265	0.0153039039346962
14 0.00196763339037667	0.979367619244232	0.00482651746371979	0.0138382299016707
15 0.780982430120648	0.0730058566264499	0.0730058566264499	0.0730058566264499
16 0.00192438210755042	0.980746824466968	0.0102685367645414	0.00706025666093939
17 0.000387994265552836	0.992611961640394	0.0040367578494433	0.0029632862446095
18 0.870830358891973	0.0512391016856326	0.0691418641906065	0.00878867523178711
19 0.000396183999501222	0.00313739627739155	0.9958003430007	0.000666076722406543
20 0.00243691161542826	0.00836337090261619	0.985969985122875	0.00322973235907984
21 0.780982430120651	0.0730058566264498	0.0730058566264498	0.0730058566264498
22 0.780982430120649	0.0730058566264498	0.0730058566264498	0.0730058566264498
23 0.780982430120649	0.0730058566264498	0.0730058566264498	0.0730058566264498
24 0.844313982426154	0.0195700334316824	0.126438368090891	0.00967761605127208
25 0.0110933175983222	0.549790676573277	0.416639359964007	0.0224766458643926
26 0.78098243012065	0.0730058566264498	0.0730058566264498	0.0730058566264498
27 0.0730058566264499	0.0730058566264499	0.780982430120651	0.0730058566264499
28 0.00169186034571927	0.00418370354526981	0.991860465097208	0.00226397101180144
29 0.00417401479896529	0.313739548347645	0.677554878889414	0.00453155796397521
30 0.0428518463887094	0.0742161542695223	0.874880572376159	0.00805142696560841
31 0.926056141269104	0.0274720781225387	0.0366536442950169	0.00981813631333888
32 0.014100670478628	0.0569969004174762	0.686221192885542	0.242681236218352
33 0.00223753181219121	0.976913819023703	0.00619422056285628	0.0146544286012484
34 0.0730058566264498	0.0730058566264498	0.0730058566264498	0.78098243012065
35 0.0730058566264498	0.780982430120649	0.0730058566264498	0.0730058566264498
36 0.780982430120649	0.0730058566264498	0.0730058566264498	0.0730058566264498
37 0.0730058566264498	0.0730058566264498	0.0730058566264498	0.78098243012065
38 0.0730058566264498	0.780982430120649	0.0730058566264498	0.0730058566264498
39 0.0730058566264498	0.0730058566264498	0.0730058566264498	0.780982430120649
40 0.00191383198222965	0.00595388961259421	0.98952774387808	0.0026045345270952
41 0.203425281706356	0.682031048643764	0.0902422817643905	0.0243013878854882
42 0.780982430120649	0.0730058566264497	0.0730058566264497	0.0730058566264497
43 0.0730058566264498	0.780982430120649	0.0730058566264498	0.0730058566264498
44 0.00628596743485666	0.0223248648080286	0.0309177326101819	0.940471435146931
45 0.00547194528737245	0.740107567881434	0.0767908125484448	0.177629674282748
46 0.00357148573377955	0.676876279399004	0.314684336134184	0.00486789873303054
47 0.00189491658981517	0.980773901045433	0.00452443444013159	0.0128067479246199
48 0.78098243012065	0.0730058566264498	0.0730058566264498	0.0730058566264498
49 0.78098243012065	0.0730058566264498	0.0730058566264498	0.0730058566264498
50 0.0140112701588698	0.427322812802698	0.544996418914771	0.0136694981236609
51 0.0082536452889972	0.0331252942585823	0.0208867818926862	0.937734278559733
52 0.0730058566264498	0.0730058566264498	0.0730058566264498	0.78098243012065
53 0.78098243012065	0.0730058566264498	0.0730058566264498	0.0730058566264498
54 0.780982430120649	0.0730058566264498	0.0730058566264498	0.0730058566264498
55 0.0730058566264499	0.0730058566264499	0.78098243012065	0.0730058566264499
56 0.00180170639353554	0.98080076217684	0.00975295415120927	0.00764457727841449
57 0.000498132038562382	0.994263314874521	0.00330497291567666	0.00193358017123862
58 0.00720820599424111	0.050984210725266	0.0528187646371174	0.888988818643374
59 0.000599527189219973	0.00389606048714735	0.994975369885109	0.0005290424385232
60 0.00248100271255392	0.00884613027692677	0.985292237563604	0.00338062944691551
61 0.0730058566264499	0.0730058566264499	0.0730058566264499	0.78098243012065
62 0.0730058566264498	0.0730058566264498	0.0730058566264498	0.78098243012065
63 0.00186113695259412	0.00457683362002159	0.991270560036399	0.00229146939098455
64 0.0133284629795633	0.500424633860954	0.469311117967522	0.0169357851919609
65 0.027488250955492	0.00915525079039765	0.96000818093075	0.00334831732336058
66 0.000342211055824211	0.991516151337159	0.00687365146643737	0.00126798614057904
67 0.920779129910621	0.0367291848730557	0.0301665102078887	0.0123251750084344
68 0.0730058566264498	0.78098243012065	0.0730058566264498	0.0730058566264498
69 0.00219685873980235	0.00365422616947315	0.991553565650628	0.00259534944009742
70 0.218338562926696	0.0692939449141877	0.686265204164802	0.0261022879943146
71 0.0730058566264499	0.0730058566264499	0.0730058566264499	0.78098243012065
72 0.0730058566264498	0.0730058566264498	0.0730058566264498	0.78098243012065
73 0.78098243012065	0.0730058566264499	0.0730058566264499	0.0730058566264499
74 0.0730058566264499	0.0730058566264499	0.78098243012065	0.0730058566264499
75 0.122899477890281	0.0577169233623753	0.758831946092462	0.0605516526548821
76 0.780982430120651	0.0730058566264499	0.0730058566264499	0.0730058566264499
77 0.229494509912761	0.625375926281725	0.0867353319156291	0.0583942318898854
78 0.00423879254770915	0.176398342529535	0.0077091678699381	0.811653697052819
79 0.0730058566264499	0.0730058566264499	0.780982430120651	0.0730058566264499
80 0.0730058566264499	0.0730058566264499	0.780982430120651	0.0730058566264499
81 0.0730058566264499	0.0730058566264499	0.780982430120651	0.0730058566264499
82 0.0730058566264499	0.0730058566264499	0.0730058566264499	0.780982430120651
83 0.0730058566264499	0.0730058566264499	0.0730058566264499	0.780982430120651
84 0.00144454273939605	0.00512560117325039	0.990842915243244	0.00258694084410995
85 0.924152284363459	0.0268445659986664	0.0391993020775633	0.0098038475603115
86 0.0730058566264499	0.0730058566264499	0.780982430120651	0.0730058566264499
87 0.0730058566264499	0.0730058566264499	0.0730058566264499	0.78098243012065
88 0.0730058566264499	0.0730058566264499	0.780982430120651	0.0730058566264499
89 0.780982430120651	0.0730058566264499	0.0730058566264499	0.0730058566264499
90 0.00570079686687342	0.0252759978830919	0.0309068025377807	0.938116402712254
91 0.00201082375442445	0.979594698724376	0.00560334287249937	0.0127911346487012
92 0.0730058566264499	0.0730058566264499	0.0730058566264499	0.780982430120651
93 0.0730058566264499	0.78098243012065	0.0730058566264499	0.0730058566264499
94 0.0730058566264499	0.780982430120651	0.0730058566264499	0.0730058566264499
95 0.0730058566264499	0.0730058566264499	0.0730058566264499	0.78098243012065
96 0.0730058566264499	0.0730058566264499	0.780982430120651	0.0730058566264499
97 0.0399734137225029	0.00765199833519512	0.946890966093301	0.00548362184900082
98 0.0203867172218112	0.086118404513929	0.684020204571735	0.209474673692525
99 0.0730058566264498	0.0730058566264498	0.0730058566264498	0.78098243012065
100 0.0564068749475378	0.12147885262027	0.0242925000033267	0.797821772428866
101 0.0730058566264499	0.0730058566264499	0.0730058566264499	0.780982430120651
102 0.0730058566264499	0.78098243012065	0.0730058566264499	0.0730058566264499
103 0.0149304292705493	0.693280619755393	0.080515013494469	0.211273937479589
104 0.00219640518578656	0.981393059256399	0.00386193267003918	0.0125486028877765
105 0.0730058566264498	0.78098243012065	0.0730058566264498	0.0730058566264498
106 0.00785043542877351	0.0116524107360139	0.0411116206748968	0.939385533160316
107 0.000634443237516278	0.00677378126575908	0.992148848171161	0.000442927325564131
108 0.00293824425940243	0.129218466610267	0.00951289670547015	0.858330392424861
109 0.0519342473815857	0.0183027094206893	0.923107376319261	0.00665566687846407
110 0.000537779062118345	0.990987922943558	0.00721650047549398	0.00125779751882984
111 0.00631095845179905	0.539175740205803	0.046499585709583	0.408013715632816
112 0.00104605003999905	0.0132247959590498	0.984824684773589	0.00090446922736178
113 0.00504352293750651	0.0812532650587502	0.104054586384945	0.809648625618798
114 0.797812788323599	0.0901632005683979	0.106994643827923	0.00502936728007919
115 0.00435438073284591	0.0914815278717559	0.0895946369713315	0.814569454424067
116 0.000580376883024126	0.98873932867453	0.00750030995945902	0.00317998448298657
117 0.283021749637915	0.131815530154511	0.110058201659439	0.475104518548135
118 0.0730058566264499	0.78098243012065	0.0730058566264499	0.0730058566264499
