0 0.000292992573949081	3.5943438367387e-5	0.999565828247255	0.000105235740427947
1 0.493462807187126	0.47280605968352	0.00436347744235834	0.0293676556869959
2 3.82439379952676e-5	0.000231546294725226	7.32090026524754e-5	0.999657000764627
3 3.36009206257862e-5	0.000152391522566213	6.34314684051084e-5	0.999750576088403
4 0.502568661296082	0.00555976893399915	0.032539694136857	0.459331875633062
5 3.60606690556241e-5	0.999653900539454	2.3646704078174e-5	0.000286392087412446
6 0.00344222710510322	0.00397627998038367	0.800409664022087	0.192171828892426
7 0.000153385185325652	2.82655875478056e-5	0.999773665222298	4.46840048279575e-5
8 6.24797129469634e-5	0.99692271186775	2.28065470363757e-5	0.00299200187226649
9 0.00824567244083758	0.975262982677488	0.00824567244083758	0.00824567244083758
10 0.975262982677487	0.00824567244083759	0.00824567244083759	0.00824567244083759
11 0.00824567244083758	0.00824567244083758	0.00824567244083758	0.975262982677487
12 0.975262982677488	0.00824567244083758	0.00824567244083758	0.00824567244083758
13 4.12565767951491e-5	0.999627556157483	2.41954584490469e-5	0.000306991807273493
14 4.45486117570783e-5	0.99957045653074	2.24635062493737e-5	0.000362531351254073
15 0.975262982677488	0.00824567244083759	0.00824567244083759	0.00824567244083759
16 5.37647175853238e-5	0.999533655169413	3.21968103548972e-5	0.000380383302647936
17 3.81251591863061e-5	0.999623961183894	3.25369031432782e-5	0.000305376753776774
18 3.85934192476614e-5	0.99957748939747	2.9342246134674e-5	0.000354574937147674
19 3.55107759326853e-5	0.00018454904290049	6.12493259208791e-5	0.999718690855246
20 0.000368890832779001	3.12441370267644e-5	0.999531187492496	6.86775376983705e-5
21 0.975262982677487	0.00824567244083759	0.00824567244083759	0.00824567244083759
22 0.00824567244083759	0.00824567244083759	0.975262982677488	0.00824567244083759
23 0.00824567244083759	0.00824567244083759	0.975262982677487	0.00824567244083759
24 0.960677277580632	0.000154917265143127	0.038480613904896	0.000687191249329153
25 0.000143019931620844	0.998899848848451	2.51629108207179e-5	0.000931968309107089
26 0.00824567244083759	0.00824567244083759	0.00824567244083759	0.975262982677487
27 0.00824567244083759	0.975262982677487	0.00824567244083759	0.00824567244083759
28 4.96648942709725e-5	0.999540017750298	2.64737513918497e-5	0.000383843604039283
29 0.00656052834264337	0.467862790254257	0.521692140873337	0.00388454052976244
30 9.35374086194109e-5	3.04768719867269e-5	0.999831861682466	4.41240369282679e-5
31 0.504127259694077	0.0048409750213296	0.0238035842805226	0.467228181004071
32 2.78414021134375e-5	0.000183754240042334	5.16363643687821e-5	0.999736767993475
33 4.3768892913733e-5	0.99960919058353	2.17983176304041e-5	0.00032524220592548
34 0.00824567244083759	0.00824567244083759	0.00824567244083759	0.975262982677487
35 0.00824567244083759	0.975262982677487	0.00824567244083759	0.00824567244083759
36 0.00824567244083759	0.00824567244083759	0.975262982677487	0.00824567244083759
37 0.00824567244083759	0.975262982677487	0.00824567244083759	0.00824567244083759
38 0.00824567244083759	0.975262982677487	0.00824567244083759	0.00824567244083759
39 0.00824567244083759	0.00824567244083759	0.00824567244083759	0.975262982677487
40 0.000125605760018483	2.27811796855662e-5	0.999803053791723	4.85592685730642e-5
41 0.99945402027715	5.8753144904771e-5	0.000433697787626764	5.35287903176064e-5
42 0.00824567244083759	0.00824567244083759	0.975262982677487	0.00824567244083759
43 0.00824567244083758	0.975262982677487	0.00824567244083758	0.00824567244083758
44 0.360590833362195	0.00536736091979504	0.021026688079868	0.613015117638142
45 4.01165714695585e-5	0.99960826011529	3.04387930899526e-5	0.000321184520150138
46 0.00573332662980932	0.529721489793852	0.460325760053315	0.0042194235230244
47 0.000154322700817246	2.77012394650862e-5	0.999762523530543	5.54525291747827e-5
48 0.975262982677487	0.00824567244083758	0.00824567244083758	0.00824567244083758
49 0.975262982677488	0.00824567244083759	0.00824567244083759	0.00824567244083759
50 0.00052338496328409	3.20692689286899e-5	0.99928911989458	0.000155425873207512
51 0.000290035791301632	0.963373455931111	0.000444156891038503	0.035892351386549
52 0.00824567244083759	0.00824567244083759	0.00824567244083759	0.975262982677487
53 0.975262982677487	0.00824567244083759	0.00824567244083759	0.00824567244083759
54 0.975262982677487	0.00824567244083759	0.00824567244083759	0.00824567244083759
55 0.00824567244083759	0.00824567244083759	0.975262982677487	0.00824567244083759
56 5.45537629964626e-5	0.999180583286187	2.61291529594563e-5	0.000738733797857497
57 0.999085247952411	6.37183403660117e-5	0.000794277318234596	5.6756388988841e-5
58 9.82981036671978e-5	2.97401103884685e-5	0.999828867030191	4.30947557533181e-5
59 8.01328137452305e-5	3.28934923172651e-5	0.999844909808369	4.20638855682395e-5
60 0.000158227015772709	3.42741866353325e-5	0.999746528701687	6.09700959053711e-5
61 0.00824567244083759	0.00824567244083759	0.00824567244083759	0.975262982677488
62 0.00824567244083759	0.975262982677488	0.00824567244083759	0.00824567244083759
63 0.000131094521762005	2.35209276560423e-5	0.999795562504142	4.9822046440494e-5
64 0.000119173336725112	2.49255992649831e-5	0.999809952847995	4.59482160156012e-5
65 0.000422274525777135	7.27201460364646e-6	0.999567022035876	3.43142374390682e-6
66 2.7649174096264e-5	0.999732200503912	2.20816142678853e-5	0.000218068707724534
67 5.8273889575211e-5	0.999301890249076	2.76502532637712e-5	0.000612185608085787
68 0.00824567244083759	0.00824567244083759	0.00824567244083759	0.975262982677488
69 0.000135376356417455	2.64498290021526e-5	0.999784571875563	5.36019390177116e-5
70 0.000559757346110714	3.02674226427867e-5	0.999334453189447	7.5522041799745e-5
71 0.975262982677488	0.0082456724408376	0.0082456724408376	0.0082456724408376
72 0.0082456724408376	0.0082456724408376	0.0082456724408376	0.975262982677488
73 0.975262982677488	0.0082456724408376	0.0082456724408376	0.0082456724408376
74 0.0082456724408376	0.0082456724408376	0.975262982677488	0.0082456724408376
75 3.05347904946622e-5	0.000279795289669432	6.02190150513883e-5	0.999629450904785
76 0.975262982677488	0.0082456724408376	0.0082456724408376	0.0082456724408376
77 6.16448264585456e-5	0.999559977123753	2.50375718445996e-5	0.000353340477944229
78 1.86185928436499e-5	0.00101016456389252	2.63416641431716e-6	0.99896858267685
79 0.0082456724408376	0.0082456724408376	0.0082456724408376	0.975262982677488
80 0.0082456724408376	0.0082456724408376	0.975262982677488	0.0082456724408376
81 0.0082456724408376	0.0082456724408376	0.975262982677488	0.0082456724408376
82 0.975262982677488	0.0082456724408376	0.0082456724408376	0.0082456724408376
83 0.0082456724408376	0.0082456724408376	0.0082456724408376	0.975262982677488
84 0.00015115046693602	2.31419419640715e-5	0.999774550191377	5.11573997240265e-5
85 0.000122961929236567	2.51521222258884e-5	0.999805234094802	4.66518537366557e-5
86 0.0082456724408376	0.0082456724408376	0.975262982677488	0.0082456724408376
87 0.975262982677488	0.0082456724408376	0.0082456724408376	0.0082456724408376
88 0.0082456724408376	0.0082456724408376	0.975262982677488	0.0082456724408376
89 0.975262982677488	0.0082456724408376	0.0082456724408376	0.0082456724408376
90 4.17552033009757e-5	0.999618918168477	2.4516218825153e-5	0.000314810409397847
91 4.55747262514017e-5	0.999504210113706	2.21951556528804e-5	0.000428020004390531
92 0.975262982677488	0.0082456724408376	0.0082456724408376	0.0082456724408376
93 0.0082456724408376	0.975262982677488	0.0082456724408376	0.0082456724408376
94 0.0082456724408376	0.975262982677488	0.0082456724408376	0.0082456724408376
95 0.0082456724408376	0.0082456724408376	0.975262982677488	0.0082456724408376
96 0.0082456724408376	0.0082456724408376	0.975262982677488	0.0082456724408376
97 0.000870403905214787	1.55846339274779e-5	0.998982467775159	0.000131543685699187
98 0.000155814927890297	2.69418781509178e-5	0.99975112250251	6.61206914497307e-5
99 0.975262982677487	0.0082456724408376	0.0082456724408376	0.0082456724408376
100 0.999414128805505	6.67002840161422e-5	0.000444554624815963	7.46162856631827e-5
101 0.0082456724408376	0.0082456724408376	0.0082456724408376	0.975262982677488
102 0.975262982677488	0.0082456724408376	0.0082456724408376	0.0082456724408376
103 6.14983262250983e-5	0.998779918146379	2.70738325788993e-5	0.00113150969481779
104 4.8320849007479e-5	0.999538320369112	2.55403827440711e-5	0.000387818399136592
105 0.975262982677487	0.0082456724408376	0.0082456724408376	0.0082456724408376
106 0.000203217730297751	2.93334778287954e-5	0.999700736065407	6.67127264670851e-5
107 8.20952825931222e-5	2.23947035649093e-5	0.999864689761668	3.08202521744291e-5
108 9.78812900611729e-6	0.00049405072126254	1.36001773181715e-6	0.999494801132
109 0.000747720667270356	2.80067311910386e-5	0.999139732597461	8.45400040777629e-5
110 3.90776717888659e-5	0.999348923724613	2.73836308464232e-5	0.000584614972751268
111 0.320297038156493	0.359447412295832	0.00208054738880926	0.318175002158866
112 9.68215277604869e-5	2.42043568525063e-5	0.999839283270363	3.9690845023943e-5
113 0.381591000830114	0.00613525639564908	0.0212084459657021	0.591065296808535
114 0.999418351992949	6.78817788052437e-5	0.000464245660024744	4.95205682207993e-5
115 0.999129905143166	7.66820005920516e-5	0.000726518393414449	6.68944628269649e-5
116 0.00306971853747556	0.0177350708250518	0.631960421130329	0.347234789507143
117 8.45091674343737e-5	0.999239624346453	2.99433505763346e-5	0.00064592313553606
118 0.00824567244083759	0.00824567244083759	0.00824567244083759	0.975262982677487
