0 0.244596836677573	0.0345432644510882	0.388439477648718	0.332420421222621
1 0.000178653479996493	0.00597586007793848	0.993447859035904	0.0003976274061603
2 0.724890971551323	0.116984747774788	0.152779191620456	0.00534508905343236
3 0.00242413081189182	0.104248804204819	0.134863840228691	0.758463224754598
4 0.675935738933877	0.158124760739884	0.160654699797858	0.00528480052838025
5 0.000402553910011845	0.980407272789089	0.015595688191871	0.00359448510902833
6 0.0579025420398592	0.0544918492441699	0.881345062427333	0.0062605462886371
7 0.000262142108065385	0.00574701485653944	0.993706637552568	0.000284205482826573
8 0.00402415547152862	0.252302552068406	0.0178435212853827	0.725829771174683
9 0.0669805538750315	0.799058338374906	0.0669805538750315	0.0669805538750315
10 0.799058338374905	0.0669805538750314	0.0669805538750314	0.0669805538750314
11 0.0669805538750315	0.0669805538750315	0.0669805538750315	0.799058338374905
12 0.799058338374905	0.0669805538750314	0.0669805538750314	0.0669805538750314
13 0.00656932390587791	0.44623873826128	0.536332317673472	0.0108596201593694
14 0.00142036363888843	0.977900681680464	0.0041772909466084	0.0165016637340388
15 0.799058338374906	0.0669805538750314	0.0669805538750314	0.0669805538750314
16 0.00110418746867638	0.98378537356234	0.00921340700602156	0.00589703196296217
17 0.000156314602297876	0.994973888179058	0.00270921040057605	0.00216058681806711
18 0.841965518022093	0.0639252313547584	0.0867299364833552	0.0073793141397925
19 0.000158707216304249	0.00205019466205625	0.99749430383038	0.000296794291258567
20 0.00150616600454346	0.00748249600590299	0.988190065351913	0.00282127263763907
21 0.799058338374904	0.0669805538750315	0.0669805538750315	0.0669805538750315
22 0.799058338374905	0.0669805538750314	0.0669805538750314	0.0669805538750314
23 0.799058338374904	0.0669805538750314	0.0669805538750314	0.0669805538750314
24 0.83635429571406	0.0233382523151723	0.130089818693661	0.0102176332771067
25 0.00751981007586116	0.550726940789858	0.422249369120703	0.0195038800135774
26 0.799058338374904	0.0669805538750315	0.0669805538750315	0.0669805538750315
27 0.0669805538750315	0.0669805538750315	0.799058338374905	0.0669805538750315
28 0.000935174429299024	0.00258823100795711	0.995158829925906	0.00131776463683794
29 0.00207552497391774	0.278041801306959	0.717364534647136	0.00251813907198715
30 0.0230632761006808	0.0727133995030216	0.89911277111626	0.00511055328003678
31 0.912089299072234	0.0331091976801693	0.0435996430144094	0.0112018602331872
32 0.00927063988426154	0.0522087919097072	0.754324786206789	0.184195781999242
33 0.00171410607936227	0.974119157788103	0.00568008899250002	0.0184866471400341
34 0.0669805538750315	0.0669805538750315	0.0669805538750315	0.799058338374906
35 0.0669805538750315	0.799058338374905	0.0669805538750315	0.0669805538750315
36 0.799058338374905	0.0669805538750315	0.0669805538750315	0.0669805538750315
37 0.0669805538750315	0.0669805538750315	0.0669805538750315	0.799058338374905
38 0.0669805538750314	0.799058338374905	0.0669805538750314	0.0669805538750314
39 0.0669805538750314	0.0669805538750314	0.0669805538750314	0.799058338374905
40 0.00134423468475462	0.0053455311981841	0.991261570243382	0.00204866387367819
41 0.145312154402121	0.745612026075183	0.0858275029502323	0.0232483165724627
42 0.799058338374906	0.0669805538750315	0.0669805538750315	0.0669805538750315
43 0.0669805538750315	0.799058338374905	0.0669805538750315	0.0669805538750315
44 0.0051608359462537	0.0246273952741915	0.0391502219671028	0.931061546812452
45 0.00291068409930634	0.772507943879942	0.0749132686837521	0.149668103336999
46 0.00175324007932013	0.716877951408673	0.278800231109333	0.00256857740267297
47 0.00103148802841093	0.981565510450204	0.00287450761638412	0.0145284939050007
48 0.799058338374905	0.0669805538750314	0.0669805538750314	0.0669805538750314
49 0.799058338374905	0.0669805538750314	0.0669805538750314	0.0669805538750314
50 0.00919375637108564	0.441145503947668	0.539221003683787	0.0104397359974583
51 0.00849567011343912	0.0395173094349383	0.0250602154788398	0.926926804972782
52 0.0669805538750314	0.0669805538750314	0.0669805538750314	0.799058338374904
53 0.799058338374906	0.0669805538750314	0.0669805538750314	0.0669805538750314
54 0.799058338374905	0.0669805538750314	0.0669805538750314	0.0669805538750314
55 0.0669805538750314	0.0669805538750314	0.799058338374906	0.0669805538750314
56 0.00110202105317863	0.983807253237706	0.00920174759036343	0.00588897811875052
57 0.000201079425983531	0.996405097393023	0.00214590952733129	0.00124791365366174
58 0.00558631723071187	0.0639252313547584	0.065718228263839	0.86477022315069
59 0.000266243419552075	0.00262460667324895	0.996868231577574	0.000240918329624972
60 0.00150755249939418	0.00749445900561764	0.988174853025908	0.0028231354690803
61 0.0669805538750313	0.0669805538750313	0.0669805538750313	0.799058338374904
62 0.0669805538750314	0.0669805538750314	0.0669805538750314	0.799058338374905
63 0.00123718754870432	0.00389071128002327	0.993165157865798	0.00170694330547357
64 0.00888044748827809	0.530177963348205	0.444467468587498	0.0164741205760186
65 0.0360908067741968	0.0169445110342461	0.942030720766693	0.00493396142486299
66 0.000149855686335462	0.992335898306348	0.00629653948738899	0.00121770651992665
67 0.911978529600778	0.0417468660139313	0.0341793652467016	0.012095239138588
68 0.0669805538750314	0.799058338374905	0.0669805538750314	0.0669805538750314
69 0.00140447997908899	0.00274070807369187	0.993999907860404	0.00185490408681452
70 0.174896435014142	0.0720521566453545	0.726019744835638	0.0270316635048649
71 0.0669805538750314	0.0669805538750314	0.0669805538750314	0.799058338374905
72 0.0669805538750314	0.0669805538750314	0.0669805538750314	0.799058338374905
73 0.799058338374905	0.0669805538750314	0.0669805538750314	0.0669805538750314
74 0.0669805538750314	0.0669805538750314	0.799058338374905	0.0669805538750314
75 0.0669805538750314	0.0669805538750314	0.799058338374905	0.0669805538750314
76 0.799058338374906	0.0669805538750314	0.0669805538750314	0.0669805538750314
77 0.193790594385888	0.650167975770761	0.096646156879977	0.0593952729633723
78 0.00597428755267432	0.311230725347472	0.0127517703232973	0.670043216776556
79 0.0669805538750314	0.0669805538750314	0.799058338374905	0.0669805538750314
80 0.0669805538750314	0.0669805538750314	0.799058338374905	0.0669805538750314
81 0.0669805538750314	0.0669805538750314	0.799058338374905	0.0669805538750314
82 0.0669805538750314	0.0669805538750314	0.0669805538750314	0.799058338374905
83 0.0669805538750314	0.0669805538750314	0.0669805538750314	0.799058338374905
84 0.000820921394729965	0.00410131479026648	0.993149225100326	0.00192853871467702
85 0.914571678641056	0.0305354394651799	0.0434230747532941	0.0114698071404688
86 0.0669805538750314	0.0669805538750314	0.799058338374905	0.0669805538750314
87 0.0669805538750314	0.0669805538750314	0.0669805538750314	0.799058338374905
88 0.0669805538750314	0.0669805538750314	0.799058338374905	0.0669805538750314
89 0.799058338374905	0.0669805538750314	0.0669805538750314	0.0669805538750314
90 0.00457371800320915	0.0257521724373206	0.0374315286024396	0.93224258095703
91 0.00131642031640042	0.97961047627782	0.00471343318854308	0.0143596702172356
92 0.0669805538750315	0.0669805538750315	0.0669805538750315	0.799058338374905
93 0.0669805538750314	0.799058338374905	0.0669805538750314	0.0669805538750314
94 0.0669805538750314	0.799058338374905	0.0669805538750314	0.0669805538750314
95 0.0669805538750314	0.0669805538750314	0.0669805538750314	0.799058338374905
96 0.0669805538750314	0.0669805538750314	0.799058338374905	0.0669805538750314
97 0.0479725013867742	0.0115421007528421	0.933301440737253	0.00718395712312961
98 0.0158299849187401	0.0905641818892193	0.716401744322749	0.177204088869291
99 0.0669805538750314	0.0669805538750314	0.0669805538750314	0.799058338374905
100 0.0669805538750314	0.0669805538750314	0.0669805538750314	0.799058338374905
101 0.0669805538750314	0.0669805538750314	0.0669805538750314	0.799058338374905
102 0.0669805538750314	0.799058338374904	0.0669805538750314	0.0669805538750314
103 0.0107793138050718	0.728884035734958	0.0883045063451476	0.172032144114822
104 0.00151068349140539	0.981758178107839	0.00308492866910101	0.0136462097316536
105 0.0669805538750314	0.799058338374905	0.0669805538750314	0.0669805538750314
106 0.00617819252387392	0.00998983311868305	0.0476639126286454	0.936168061728796
107 0.000288056210171394	0.00622286674236218	0.993265548616103	0.00022352843136227
108 0.00402788052942836	0.252647171995469	0.0178505919296807	0.725474355545421
109 0.0360289331402077	0.0169382866900482	0.942103390102881	0.00492939006686307
110 0.000223212271624603	0.993317023490745	0.00580800806774141	0.000651756169889157
111 0.00473736087064268	0.66932794232283	0.0560150346621643	0.269919662144363
112 0.000563943104795907	0.0153922272657343	0.983437814793321	0.000606014836148541
113 0.00380030168870753	0.113145619843323	0.159609259579557	0.723444818888412
114 0.712809896297208	0.132854904781772	0.149902132662209	0.00443306625881102
115 0.0029562178057212	0.131592263920447	0.119373619022499	0.746077899251332
116 0.000264008550069943	0.991883387735023	0.00610947893402884	0.00174312478087806
117 0.245307633888897	0.144075696810598	0.112319381437044	0.498297287863461
118 0.0669805538750315	0.799058338374905	0.0669805538750315	0.0669805538750315
