0 0.000368997793802185	4.78271131559226e-5	0.999457902586198	0.000125272506844312
1 8.06777021865167e-5	0.00035613358143862	0.000144952542549571	0.999418236173826
2 0.000213845049472383	5.63334693681695e-5	0.999626246035738	0.000103575445420858
3 4.41298569174301e-5	0.000206018940949101	7.0412820186786e-5	0.999679438381947
4 0.999494378154685	6.80503827747457e-5	0.000378750876085954	5.88205864543786e-5
5 5.77524367769833e-5	0.999612553949219	3.260271413515e-5	0.000297090899868927
6 0.0059770272876743	9.23409968781998e-5	0.993878785744832	5.18459706156012e-5
7 0.000391763458758899	4.09931803439725e-5	0.999476557743793	9.06856171038527e-5
8 0.478897524317932	0.376153346298396	0.00198861286846716	0.142960516515204
9 0.00833647570474706	0.00833647570474706	0.00833647570474706	0.974990572885759
10 0.974990572885759	0.00833647570474706	0.00833647570474706	0.00833647570474706
11 0.974990572885758	0.00833647570474706	0.00833647570474706	0.00833647570474706
12 0.974990572885759	0.00833647570474706	0.00833647570474706	0.00833647570474706
13 5.91842583723813e-5	0.999595700990238	3.34037963839906e-5	0.000311710955006626
14 4.57785195490221e-5	0.00022925216101135	7.51326374201762e-5	0.99964983668202
15 0.974990572885759	0.00833647570474706	0.00833647570474706	0.00833647570474706
16 0.00166918515643788	0.784584216878385	0.00246438592296407	0.211282212042213
17 0.585382683936103	0.392440057939422	0.0035911318790723	0.0185861262454031
18 0.000258230398133553	5.25211718052929e-5	0.999589895745456	9.93526846052126e-5
19 0.000281592614123241	5.7127425148944e-5	0.999546798599937	0.000114481360790829
20 0.849203807529347	0.000738768157336241	0.148534824110468	0.00152260020284921
21 0.974990572885759	0.00833647570474706	0.00833647570474706	0.00833647570474706
22 0.974990572885759	0.00833647570474706	0.00833647570474706	0.00833647570474706
23 0.974990572885759	0.00833647570474706	0.00833647570474706	0.00833647570474706
24 0.213020397243534	0.364807538466317	0.409582122394037	0.0125899418961124
25 0.000108736639800473	0.999096705007508	3.47826799513592e-5	0.000759775672740582
26 0.00833647570474706	0.00833647570474706	0.00833647570474706	0.974990572885759
27 0.00833647570474705	0.974990572885759	0.00833647570474705	0.00833647570474705
28 6.39010751619049e-5	0.999581535607293	3.41523057148168e-5	0.00032041101183122
29 8.74079897128488e-5	0.999533328352465	5.61241246062302e-5	0.000323139533216122
30 0.000202786509965276	4.24748038993989e-5	0.999671119068594	8.36196175425708e-5
31 7.71283359360217e-5	0.000204087484702018	8.7055238580802e-5	0.999631728940782
32 3.70270936845369e-5	0.000239776148773601	5.82438489726171e-5	0.99966495290857
33 5.70775297436221e-5	0.999614106212952	3.19853670980417e-5	0.0002968308902072
34 0.00833647570474706	0.974990572885758	0.00833647570474706	0.00833647570474706
35 0.00833647570474707	0.00833647570474707	0.974990572885759	0.00833647570474707
36 0.00833647570474706	0.00833647570474706	0.97499057288576	0.00833647570474706
37 0.00833647570474706	0.00833647570474706	0.00833647570474706	0.974990572885759
38 0.00833647570474706	0.974990572885759	0.00833647570474706	0.00833647570474706
39 0.00833647570474706	0.974990572885759	0.00833647570474706	0.00833647570474706
40 0.000168923277303494	3.26915380376768e-5	0.999735599179781	6.27860048783898e-5
41 0.999485533187109	6.74819437112117e-5	0.000380863472640281	6.6121396540255e-5
42 0.00833647570474706	0.00833647570474706	0.00833647570474706	0.97499057288576
43 0.00833647570474706	0.00833647570474706	0.00833647570474706	0.974990572885759
44 0.999477747979993	9.61398441335518e-5	0.000327883212125071	9.82289637491543e-5
45 7.64145296199913e-5	0.999527368661171	4.17206555043177e-5	0.000354496153705421
46 0.000193139091117196	5.69259907871575e-5	0.999655906377014	9.40285410817288e-5
47 0.000184276674911094	3.50971268675029e-5	0.99971035161637	7.02745818511627e-5
48 0.00833647570474706	0.00833647570474706	0.97499057288576	0.00833647570474706
49 0.974990572885759	0.00833647570474706	0.00833647570474706	0.00833647570474706
50 0.000413571319270895	3.76685853908202e-5	0.999430763117902	0.000117996977437102
51 0.0134497365055886	0.66205473555727	0.311089632941396	0.0134058949957458
52 0.00833647570474706	0.00833647570474706	0.974990572885759	0.00833647570474706
53 0.00833647570474706	0.00833647570474706	0.00833647570474706	0.974990572885759
54 0.974990572885759	0.00833647570474706	0.00833647570474706	0.00833647570474706
55 0.00833647570474706	0.00833647570474706	0.974990572885759	0.00833647570474706
56 0.000791592926630521	0.879892591421572	0.00129182941117917	0.118023986240618
57 0.000103241959541291	0.999404665951098	5.51855937682784e-5	0.000436906495591753
58 8.92975556257267e-5	0.999412949622836	5.08795759009698e-5	0.000446873245637055
59 0.00340867255133215	0.0177966691548447	0.596641458242971	0.382153200050852
60 0.763141641201413	0.00154063194782011	0.232610971269595	0.00270675558117297
61 0.00833647570474706	0.00833647570474706	0.00833647570474706	0.974990572885759
62 0.00833647570474706	0.974990572885759	0.00833647570474706	0.00833647570474706
63 0.999471154158343	7.93926094464539e-5	0.000385053174732031	6.44000574791497e-5
64 0.000179379474883138	3.41857748567068e-5	0.999721031753514	6.54029967461089e-5
65 0.0207238179158087	0.174164416176234	0.0483383979537158	0.756773367954242
66 6.16794365756968e-5	0.999501515835856	3.28126764226832e-5	0.000403992051145322
67 8.71357766850875e-5	0.999270335452603	4.62861140009623e-5	0.000596242656711311
68 0.00833647570474707	0.974990572885759	0.00833647570474707	0.00833647570474707
69 0.0002081929759313	4.32759116574096e-5	0.999669874058047	7.86570543652926e-5
70 0.99832503016111	0.000105978339530511	0.00148224554511749	8.67459542428114e-5
71 0.00833647570474706	0.974990572885759	0.00833647570474706	0.00833647570474706
72 0.00833647570474706	0.00833647570474706	0.00833647570474706	0.974990572885758
73 0.974990572885759	0.00833647570474706	0.00833647570474706	0.00833647570474706
74 0.00833647570474707	0.00833647570474707	0.97499057288576	0.00833647570474707
75 3.37103792496088e-5	0.000210275511611639	5.03638375066568e-5	0.999705650271632
76 0.974990572885759	0.00833647570474706	0.00833647570474706	0.00833647570474706
77 7.56373914157628e-5	0.999541878290117	3.34386946486253e-5	0.000349045623818473
78 0.00180099558449252	0.00323897276556976	0.0419762688499244	0.952983762800013
79 0.974990572885759	0.00833647570474706	0.00833647570474706	0.00833647570474706
80 0.00833647570474706	0.00833647570474706	0.974990572885758	0.00833647570474706
81 0.00833647570474706	0.00833647570474706	0.974990572885759	0.00833647570474706
82 0.00833647570474706	0.00833647570474706	0.974990572885759	0.00833647570474706
83 0.00833647570474706	0.00833647570474706	0.00833647570474706	0.974990572885759
84 0.00023438070905635	3.71880785350223e-5	0.999654133066488	7.42981459205062e-5
85 0.000185770676926385	3.4584448081266e-5	0.999713068878294	6.65759966981122e-5
86 0.00833647570474706	0.00833647570474706	0.974990572885758	0.00833647570474706
87 0.00833647570474706	0.00833647570474706	0.974990572885759	0.00833647570474706
88 0.00833647570474706	0.00833647570474706	0.974990572885759	0.00833647570474706
89 0.974990572885759	0.00833647570474706	0.00833647570474706	0.00833647570474706
90 6.00780317262442e-5	0.999585206876651	3.38939621903583e-5	0.000320821129432451
91 6.65431163442115e-5	0.999493229470408	3.63347023261139e-5	0.000403892710921367
92 0.974990572885759	0.00833647570474707	0.00833647570474707	0.00833647570474707
93 0.00833647570474706	0.974990572885759	0.00833647570474706	0.00833647570474706
94 0.00833647570474706	0.974990572885759	0.00833647570474706	0.00833647570474706
95 0.00833647570474706	0.00833647570474706	0.00833647570474706	0.974990572885759
96 0.00833647570474706	0.00833647570474706	0.974990572885759	0.00833647570474706
97 0.0647844177759452	0.141649453462311	0.778682015173105	0.0148841135886389
98 0.000199730969068696	3.45956456474125e-5	0.999684402380872	8.12710044120011e-5
99 0.974990572885758	0.00833647570474706	0.00833647570474706	0.00833647570474706
100 0.999544899997315	5.42658264973497e-5	0.000340438613626731	6.03955625607057e-5
101 0.00833647570474706	0.974990572885759	0.00833647570474706	0.00833647570474706
102 0.974990572885759	0.00833647570474706	0.00833647570474706	0.00833647570474706
103 6.44946186426227e-5	0.00114593727277558	0.000104019239272683	0.998685548869309
104 7.13346420734277e-5	0.999521217364066	4.24695663794362e-5	0.000364978427481391
105 0.00833647570474706	0.00833647570474706	0.974990572885758	0.00833647570474706
106 0.000324867006623479	4.78956733983101e-5	0.999527995513234	9.92418067448059e-5
107 0.000220697303516316	3.38101777980483e-5	0.999676053505796	6.94390128891858e-5
108 0.170998648734052	0.0311905058062581	0.747839975198045	0.0499708702616455
109 0.00322385967386685	0.00671449623369194	0.758864387635206	0.231197256457235
110 7.8007441671899e-5	0.999220019214389	3.91746066960477e-5	0.000662798737242887
111 0.000103640224813643	0.00653090294021839	2.67209916273366e-5	0.993338735843341
112 0.000169235687012156	3.33083152095259e-5	0.999733989524421	6.34664733574981e-5
113 4.37976412275415e-5	0.00022379359405218	6.36028223997942e-5	0.999668805942321
114 0.999514574267021	7.75455495345536e-5	0.000343897457195947	6.39827262488149e-5
115 9.49784530839946e-5	0.999502468865624	5.47355560305778e-5	0.000347817125261976
116 0.999089323483731	0.000179288027616016	0.000611563206758395	0.000119825281894395
117 0.000101087824542918	0.99926625054846	4.33595845569966e-5	0.00058930204244072
118 0.00833647570474705	0.00833647570474705	0.00833647570474705	0.974990572885759
