0 0.840181289585422	0.0129633308616204	0.136464399667178	0.0103909798857792
1 0.000212012907917198	0.0083387064322305	0.990991831074464	0.000457449585388565
2 0.00312982332300199	0.742385357604771	0.0850165806750723	0.169468238397155
3 0.00499713894052238	0.152918425695637	0.0922991596736864	0.749785275690154
4 0.604965907335514	0.200750446412515	0.187542935679153	0.00674071057281891
5 0.000574058457256508	0.974131350631834	0.0210701960717875	0.00422439483912264
6 0.0588233184146756	0.0658941290218773	0.867785090267426	0.00749746229602148
7 0.000323567685321765	0.0110878972429484	0.988103016815166	0.000485518256564887
8 0.0017348726277961	0.967609556366235	0.00770254323885389	0.0229530277671151
9 0.0758837670312473	0.772348698906258	0.0758837670312473	0.0758837670312473
10 0.772348698906258	0.0758837670312473	0.0758837670312473	0.0758837670312473
11 0.0758837670312473	0.0758837670312473	0.0758837670312473	0.772348698906259
12 0.0758837670312474	0.0758837670312474	0.0758837670312474	0.772348698906258
13 0.00155860576102623	0.978407771666288	0.0127825287519272	0.00725109382075865
14 0.0013347753223207	0.981123736963425	0.00257887683600277	0.0149626108782513
15 0.0758837670312473	0.0758837670312473	0.0758837670312473	0.772348698906257
16 0.0135621828867965	0.652814665645194	0.131074998749089	0.202548152718921
17 0.769467897300717	0.0761677813797085	0.145641334776416	0.0087229865431585
18 0.000166152766885147	0.00693850590410022	0.992305229688243	0.00059011164077219
19 0.715242195043155	0.0581029432781808	0.219145405033183	0.00750945664548139
20 0.00185504404626061	0.0118303327941929	0.981432824797089	0.00488179836245791
21 0.772348698906258	0.0758837670312473	0.0758837670312473	0.0758837670312473
22 0.0758837670312473	0.772348698906258	0.0758837670312473	0.0758837670312473
23 0.0758837670312473	0.0758837670312473	0.0758837670312473	0.772348698906258
24 0.77637795101273	0.0416661521878856	0.166480746843142	0.0154751499562423
25 0.0970466461407063	0.764377642278959	0.107356124549821	0.0312195870305136
26 0.772348698906257	0.0758837670312473	0.0758837670312473	0.0758837670312473
27 0.0758837670312473	0.772348698906257	0.0758837670312473	0.0758837670312473
28 0.00247867086973427	0.966571980005077	0.0197767780562956	0.0111725710688926
29 0.00214170873446098	0.73219525366374	0.256540391983587	0.00912264561821206
30 0.00172895850170477	0.739024201618127	0.0440960964053955	0.215150743474773
31 0.89653989489252	0.048375294575601	0.0402115618500475	0.0148732486818317
32 0.00617157921951961	0.0347518209594713	0.0506203680406061	0.908456231780403
33 0.00179387058896565	0.974798645288049	0.00646839855680785	0.0169390855661773
34 0.0758837670312473	0.0758837670312473	0.0758837670312473	0.772348698906258
35 0.0758837670312473	0.772348698906258	0.0758837670312473	0.0758837670312473
36 0.772348698906258	0.0758837670312473	0.0758837670312473	0.0758837670312473
37 0.0758837670312473	0.0758837670312473	0.0758837670312473	0.772348698906258
38 0.0758837670312473	0.0758837670312473	0.0758837670312473	0.772348698906258
39 0.0758837670312473	0.772348698906258	0.0758837670312473	0.0758837670312473
40 0.00111762197761866	0.00563419132384498	0.990620108876608	0.00262807782192853
41 0.888275024027692	0.0413205221006052	0.0549330287121817	0.0154714251595205
42 0.0758837670312473	0.0758837670312473	0.0758837670312473	0.772348698906258
43 0.0758837670312473	0.772348698906258	0.0758837670312473	0.0758837670312473
44 0.00771968491239787	0.015658512527513	0.0555288583450348	0.921092944215054
45 0.0298902621988053	0.0431972053541053	0.924284682894094	0.00262784955299502
46 0.00251702440742303	0.24847061284112	0.738806439766485	0.010205922984972
47 0.00290508042610199	0.0167429985131344	0.974839470647868	0.00551245041289546
48 0.772348698906258	0.0758837670312473	0.0758837670312473	0.0758837670312473
49 0.772348698906258	0.0758837670312473	0.0758837670312473	0.0758837670312473
50 0.0147066824841788	0.0591177050325041	0.753879978629627	0.17229563385369
51 0.0127966162689826	0.0527832750117183	0.0443446858751453	0.890075422844153
52 0.0758837670312474	0.0758837670312474	0.0758837670312474	0.772348698906257
53 0.772348698906258	0.0758837670312473	0.0758837670312473	0.0758837670312473
54 0.772348698906258	0.0758837670312472	0.0758837670312472	0.0758837670312472
55 0.0758837670312472	0.0758837670312472	0.772348698906258	0.0758837670312472
56 0.00211998112037316	0.973420966503139	0.0145921500362777	0.00986690234021003
57 0.00495327852653673	0.202371994519924	0.0606591213971254	0.732015605556413
58 0.000332956457879267	0.990831457826715	0.00719566108699314	0.00163992462841287
59 0.00640527027968114	0.116197486457047	0.0784854976431859	0.798911745620086
60 0.21253934376759	0.11276029678717	0.642823474596525	0.0318768848487152
61 0.772348698906258	0.0758837670312472	0.0758837670312472	0.0758837670312472
62 0.0758837670312473	0.772348698906258	0.0758837670312473	0.0758837670312473
63 0.00132228660140806	0.00218225957030119	0.994764061240268	0.00173139258802228
64 0.00210574597037911	0.0104337894422524	0.983553119516667	0.00390734507070098
65 0.0402397647852692	0.0220199164568285	0.931277973400419	0.00646234535748404
66 0.000806439767574878	0.974652044153792	0.0222870915510901	0.00225442452754351
67 0.00526265167597226	0.035640450828996	0.948785746155774	0.0103111513392587
68 0.0758837670312473	0.0758837670312473	0.0758837670312473	0.772348698906258
69 0.00524023100327737	0.932667971719209	0.0397742337243543	0.0223175635531599
70 0.00529030982004956	0.0348307943198254	0.949695225452319	0.0101836704078062
71 0.0758837670312473	0.0758837670312473	0.0758837670312473	0.772348698906258
72 0.0758837670312474	0.772348698906258	0.0758837670312474	0.0758837670312474
73 0.772348698906258	0.0758837670312473	0.0758837670312473	0.0758837670312473
74 0.0758837670312473	0.0758837670312473	0.772348698906258	0.0758837670312473
75 0.0758837670312473	0.0758837670312473	0.0758837670312473	0.772348698906258
76 0.772348698906258	0.0758837670312473	0.0758837670312473	0.0758837670312473
77 0.00256454276003896	0.97318655675526	0.0154148609981803	0.00883403948652116
78 0.00546699740395112	0.380001493424346	0.0105778570123513	0.603953652159352
79 0.772348698906258	0.0758837670312474	0.0758837670312474	0.0758837670312474
80 0.0758837670312473	0.0758837670312473	0.0758837670312473	0.772348698906259
81 0.772348698906258	0.0758837670312473	0.0758837670312473	0.0758837670312473
82 0.0758837670312474	0.0758837670312474	0.772348698906259	0.0758837670312474
83 0.772348698906259	0.0758837670312473	0.0758837670312473	0.0758837670312473
84 0.0100095401853332	0.166171961761116	0.782742575485571	0.0410759225679811
85 0.00321010651809271	0.0156513566427217	0.97577403563313	0.0053645012060564
86 0.0758837670312473	0.0758837670312473	0.772348698906258	0.0758837670312473
87 0.0758837670312473	0.0758837670312473	0.0758837670312473	0.772348698906258
88 0.0758837670312473	0.0758837670312473	0.772348698906258	0.0758837670312473
89 0.772348698906258	0.0758837670312474	0.0758837670312474	0.0758837670312474
90 0.00279529843434615	0.968333259225561	0.0182205594144319	0.0106508829256608
91 0.0101123892101667	0.679951926710419	0.202495902951057	0.107439781128358
92 0.0758837670312473	0.0758837670312473	0.772348698906259	0.0758837670312473
93 0.0758837670312473	0.0758837670312473	0.0758837670312473	0.772348698906259
94 0.772348698906258	0.0758837670312473	0.0758837670312473	0.0758837670312473
95 0.0758837670312473	0.0758837670312473	0.0758837670312473	0.772348698906259
96 0.0758837670312474	0.0758837670312474	0.772348698906259	0.0758837670312474
97 0.0545178618739071	0.00895281304882552	0.929437283709791	0.00709204136747688
98 0.0025069769892311	0.0143738933325779	0.97951361925255	0.00360551042564131
99 0.772348698906259	0.0758837670312474	0.0758837670312474	0.0758837670312474
100 0.772348698906258	0.0758837670312473	0.0758837670312473	0.0758837670312473
101 0.0758837670312474	0.0758837670312474	0.0758837670312474	0.772348698906259
102 0.772348698906259	0.0758837670312474	0.0758837670312474	0.0758837670312474
103 0.00524023100327737	0.932667971719208	0.0397742337243543	0.0223175635531599
104 0.00529030982004956	0.0348307943198254	0.949695225452319	0.0101836704078062
105 0.772348698906258	0.0758837670312473	0.0758837670312473	0.0758837670312473
106 0.00525008944938344	0.931304490415964	0.0407015127188713	0.0227439074157818
107 0.00083593149556603	0.022066074018411	0.976070537185769	0.00102745730025402
108 0.00526655399037328	0.281644815361833	0.0232157078239393	0.689872922823855
109 0.00126888199422072	0.00731076386876572	0.989293702139131	0.00212665199788426
110 0.000388897461571719	0.986598579211106	0.0111845180379416	0.00182800528938127
111 0.00567576928897766	0.682771379675385	0.0677158220289211	0.243837029006717
112 0.000765788133764225	0.0207942416760862	0.977589957337192	0.00085001285295777
113 0.00488290892209207	0.137245538965748	0.202608248063241	0.655263304048919
114 0.714898826691799	0.090141141340418	0.187804874693993	0.00715515727379086
115 0.0204821402932506	0.0839632747519796	0.891371455708676	0.00418312924609469
116 0.000338360188244506	0.989392623156752	0.00845779582937456	0.00181122082562911
117 0.00795906515113258	0.0538111469417186	0.015395245596267	0.922834542310882
118 0.0758837670312474	0.0758837670312474	0.0758837670312474	0.772348698906258
