0 0.984013335558671	0.00205388333423952	0.0124606410912884	0.00147214001580151
1 0.977902515728247	0.00449867373130505	0.0165740807985128	0.0010247297419349
2 0.00360030447180883	0.843651542787234	0.0239307605580415	0.128817392182916
3 0.000505751271362911	0.00326925143441658	0.00198145540805059	0.99424354188617
4 0.156341285846213	0.787206422040126	0.0525161840589487	0.00393610805471258
5 0.131523520790229	0.834794903369841	0.0274855442937988	0.00619603154613225
6 0.0351783973118539	0.00250052928054336	0.961511602223227	0.000809471184376456
7 0.000126728655247245	0.000733268311105878	0.998991617030257	0.000148386003390406
8 0.000276228647933994	0.990579012044851	0.000516186413092721	0.00862857289412222
9 0.0268624680962884	0.919412595711135	0.0268624680962884	0.0268624680962884
10 0.919412595711136	0.0268624680962884	0.0268624680962884	0.0268624680962884
11 0.0268624680962884	0.0268624680962884	0.0268624680962884	0.919412595711135
12 0.0268624680962884	0.0268624680962884	0.0268624680962884	0.919412595711135
13 0.000424194080436214	0.996782610550718	0.000750614609776555	0.00204258075906917
14 0.172169112962399	0.0144523246332415	0.806925856135179	0.00645270626917974
15 0.0268624680962884	0.919412595711135	0.0268624680962884	0.0268624680962884
16 0.990349795126424	0.00100765073482285	0.00779239931197474	0.000850154826778575
17 9.48769464138059e-5	0.000333179854741014	0.999452999812291	0.000118943386553493
18 9.49381384741294e-5	0.000570313569826121	0.999198830946475	0.000135917345225027
19 0.990564072960177	0.00232755578427678	0.00637450607142725	0.000733865184118701
20 0.00755211440320342	0.021400092579084	0.742746908918009	0.228300884099704
21 0.919412595711135	0.0268624680962884	0.0268624680962884	0.0268624680962884
22 0.0268624680962884	0.0268624680962884	0.919412595711135	0.0268624680962884
23 0.919412595711135	0.0268624680962884	0.0268624680962884	0.0268624680962884
24 0.00694065539286486	0.0133229547068601	0.7796338168061	0.200102573094176
25 0.000421818090023459	0.995639507763225	0.000504439919713692	0.00343423422703794
26 0.0268624680962884	0.0268624680962884	0.0268624680962884	0.919412595711135
27 0.0268624680962884	0.919412595711136	0.0268624680962884	0.0268624680962884
28 0.000488621937972538	0.995330661463297	0.00122502217484559	0.00295569442388526
29 0.000188341515474676	0.00118761603956054	0.99839883158006	0.000225210864904686
30 0.000111310059671845	0.997513971597834	0.000873861757549786	0.00150085658494416
31 0.994085161043189	0.00150202162824079	0.00367686459755145	0.000735952731018463
32 0.000484898509481208	0.00135774356277473	0.00134172481174772	0.996815633115996
33 0.000281107950857189	0.997028009466746	0.00045121151998342	0.0022396710624128
34 0.0268624680962884	0.919412595711135	0.0268624680962884	0.0268624680962884
35 0.0268624680962884	0.919412595711134	0.0268624680962884	0.0268624680962884
36 0.0268624680962884	0.0268624680962884	0.919412595711135	0.0268624680962884
37 0.0268624680962884	0.0268624680962884	0.0268624680962884	0.919412595711135
38 0.0268624680962884	0.0268624680962884	0.0268624680962884	0.919412595711135
39 0.0268624680962884	0.0268624680962884	0.0268624680962884	0.919412595711135
40 0.000322019119207296	0.000437649716924979	0.998925053490184	0.00031527767368368
41 0.994158805946417	0.00123710045606787	0.0039574427856319	0.000646650811882612
42 0.0268624680962884	0.0268624680962884	0.0268624680962884	0.919412595711134
43 0.0268624680962884	0.919412595711134	0.0268624680962884	0.0268624680962884
44 0.000603086860546283	0.000943168959304021	0.0015916305525611	0.996862113627589
45 0.000126903361387523	0.00085864442494428	0.998887232382211	0.000127219831456541
46 0.000206184636960364	0.99726613059686	0.00120620769175886	0.00132147707442163
47 0.000623150729168953	0.00116437335668912	0.997639156330594	0.000573319583547649
48 0.0268624680962884	0.0268624680962884	0.0268624680962884	0.919412595711135
49 0.919412595711135	0.0268624680962884	0.0268624680962884	0.0268624680962884
50 0.000632148736615965	0.000516086334011029	0.998393654383108	0.0004581105462655
51 0.231574937552619	0.511347009701664	0.0123931328128546	0.244684919932863
52 0.0268624680962884	0.0268624680962884	0.0268624680962884	0.919412595711134
53 0.919412595711135	0.0268624680962884	0.0268624680962884	0.0268624680962884
54 0.919412595711135	0.0268624680962884	0.0268624680962884	0.0268624680962884
55 0.0268624680962884	0.919412595711135	0.0268624680962884	0.0268624680962884
56 0.297570697824794	0.625697562305216	0.0182582055018768	0.0584735343681133
57 0.000592725947481677	0.0033024515593834	0.0024576646613241	0.993647157831811
58 0.000111868786867412	0.998607355071722	0.000593739113204614	0.000687037028206293
59 0.000103343508793663	0.998693088883948	0.000347847897148969	0.000855719710109239
60 0.000715148392613235	0.00199814008035474	0.00106895718377908	0.996217754343253
61 0.919412595711134	0.0268624680962884	0.0268624680962884	0.0268624680962884
62 0.919412595711135	0.0268624680962884	0.0268624680962884	0.0268624680962884
63 0.00560781415092112	0.22527781773385	0.0146608334495096	0.754453534665719
64 0.0007085464581331	0.00073098391122487	0.998076273708029	0.000484195922613508
65 0.0040562077418322	0.0059516477997018	0.900243739554089	0.089748404904377
66 8.773316577285e-5	0.998702686099697	0.000555368019411339	0.000654212715118916
67 0.992461467382852	0.00204249274220374	0.00450154336293615	0.000994496512007922
68 0.0268624680962884	0.0268624680962884	0.919412595711134	0.0268624680962884
69 0.00037394823918328	0.000449127853659035	0.998841579665269	0.000335344241888945
70 0.0099628914389238	0.482743118086007	0.499992442825848	0.00730154764922092
71 0.0268624680962884	0.0268624680962884	0.0268624680962884	0.919412595711135
72 0.0268624680962884	0.919412595711135	0.0268624680962884	0.0268624680962884
73 0.919412595711134	0.0268624680962883	0.0268624680962883	0.0268624680962883
74 0.0268624680962884	0.0268624680962884	0.919412595711134	0.0268624680962884
75 0.00126380059293939	0.00469670016110702	0.00204548597504067	0.991994013270912
76 0.919412595711135	0.0268624680962883	0.0268624680962883	0.0268624680962883
77 0.000407439352538346	0.997028492869671	0.00075970921256668	0.00180435856522377
78 0.000218697306470257	0.0205860247264454	0.00021371968780845	0.978981558279275
79 0.919412595711134	0.0268624680962883	0.0268624680962883	0.0268624680962883
80 0.0268624680962883	0.0268624680962883	0.0268624680962883	0.919412595711134
81 0.0268624680962883	0.0268624680962883	0.919412595711134	0.0268624680962883
82 0.0268624680962883	0.0268624680962883	0.919412595711134	0.0268624680962883
83 0.0268624680962883	0.0268624680962883	0.0268624680962883	0.919412595711134
84 0.000312159907926201	0.000284264684160697	0.999133941863038	0.000269633544874239
85 0.000365062630244008	0.000605792907642682	0.998724406037197	0.000304738424915623
86 0.0268624680962883	0.0268624680962883	0.919412595711134	0.0268624680962883
87 0.0268624680962883	0.0268624680962883	0.919412595711134	0.0268624680962883
88 0.0268624680962883	0.0268624680962883	0.919412595711134	0.0268624680962883
89 0.919412595711134	0.0268624680962883	0.0268624680962883	0.0268624680962883
90 0.000251186917724114	0.997594676681099	0.000649047684073208	0.0015050887171023
91 0.000245101004453974	0.996980461914434	0.000297510806238592	0.00247692627487265
92 0.919412595711134	0.0268624680962883	0.0268624680962883	0.0268624680962883
93 0.0268624680962883	0.919412595711134	0.0268624680962883	0.0268624680962883
94 0.919412595711134	0.0268624680962883	0.0268624680962883	0.0268624680962883
95 0.0268624680962883	0.0268624680962883	0.0268624680962883	0.919412595711134
96 0.0268624680962883	0.0268624680962883	0.919412595711134	0.0268624680962883
97 0.0079894695716821	0.000253272979684387	0.991376526868484	0.000380730580148585
98 0.000511210066732391	0.000777206852911449	0.998294094431908	0.000417488648446779
99 0.919412595711134	0.0268624680962883	0.0268624680962883	0.0268624680962883
100 0.989498874271691	0.00216697795905797	0.00598419850824268	0.00234994926100724
101 0.0268624680962883	0.0268624680962883	0.0268624680962883	0.919412595711134
102 0.919412595711134	0.0268624680962883	0.0268624680962883	0.0268624680962883
103 0.0064379313696021	0.509682982446214	0.47527603039304	0.00860305579114323
104 0.000306954087152441	0.996545053135955	0.000459086705357231	0.00268890607153546
105 0.0268624680962883	0.919412595711135	0.0268624680962883	0.0268624680962883
106 0.000762928206325125	0.00113314137602057	0.00220337720801354	0.99590055320964
107 0.0001381539095313	0.000544661884908989	0.999216811684027	0.00010037252153159
108 0.113314917632294	0.249520761444248	0.00562775879880897	0.631536562124648
109 0.000443287428148953	0.000510870305710688	0.998737871753376	0.000307970512765182
110 0.000145280711722519	0.997995190983713	0.000735637145012977	0.00112389115955199
111 0.000734773929228654	0.138792423523993	0.00256831062253227	0.857904491924246
112 0.00589303213937849	0.0133581908634992	0.831497409774867	0.149251367222255
113 0.00355692780495113	0.0214331733703375	0.785497680854222	0.18951221797049
114 0.991234323997294	0.00190327479096736	0.00627401671385786	0.000588384497881473
115 0.139677303848301	0.0231619608741039	0.832792080697344	0.00436865458025054
116 0.000872027606878428	0.00469625522082552	0.00463984910865308	0.989791868063643
117 0.00103802501958907	0.00309912995678173	0.00218783102833184	0.993675013995297
118 0.0268624680962884	0.0268624680962884	0.0268624680962884	0.919412595711135
