0 0.437724422151265	0.0465783696397729	0.0795443039987793	0.436152904210183
1 0.0186477532836848	0.0102585459862563	0.959650250445901	0.0114434502841575
2 0.959230453390763	0.0129205851801712	0.014775552650557	0.0130734087785085
3 0.00830411898927563	0.0106782895699402	0.00864849964669397	0.97236909179409
4 0.970279095963814	0.00814747810764771	0.0130058023115366	0.00856762361700173
5 0.00663156660416729	0.975258698068069	0.00728139810519275	0.0108283372225711
6 0.0689483483984846	0.00588884756316557	0.919830469969095	0.0053323340692548
7 0.0135447846304332	0.00855826728462673	0.968683217961579	0.00921373012336149
8 0.0146247134440437	0.207702870317542	0.0146272174540614	0.763045198784352
9 0.0823196934019265	0.75304091979422	0.0823196934019265	0.0823196934019265
10 0.753040919794221	0.0823196934019266	0.0823196934019266	0.0823196934019266
11 0.0823196934019266	0.0823196934019266	0.0823196934019266	0.75304091979422
12 0.75304091979422	0.0823196934019265	0.0823196934019265	0.0823196934019265
13 0.0415889057546314	0.544075607980624	0.365877542817637	0.048457943447107
14 0.00811650527931051	0.9704647338367	0.00819023372596509	0.0132285271580233
15 0.75304091979422	0.0823196934019264	0.0823196934019264	0.0823196934019264
16 0.0103176214831374	0.965672858046178	0.0101385379352559	0.0138709825354281
17 0.0110856175328646	0.96311610625225	0.0121652268638576	0.0136330493510267
18 0.958581934341901	0.0125828184504107	0.0167052941554298	0.0121299530522581
19 0.0135133538586231	0.0117798495416145	0.961268022990726	0.0134387736090365
20 0.0141859045663253	0.00766674360855169	0.970170783745239	0.00797656807988325
21 0.75304091979422	0.0823196934019265	0.0823196934019265	0.0823196934019265
22 0.75304091979422	0.0823196934019265	0.0823196934019265	0.0823196934019265
23 0.75304091979422	0.0823196934019265	0.0823196934019265	0.0823196934019265
24 0.897435729328045	0.00768965330166755	0.0873161001354417	0.00755851723484604
25 0.0436398159750144	0.544231299415513	0.360638995967996	0.0514898886414765
26 0.75304091979422	0.0823196934019265	0.0823196934019265	0.0823196934019265
27 0.0823196934019266	0.0823196934019266	0.75304091979422	0.0823196934019266
28 0.0112464340637966	0.0155567350092418	0.960776647102492	0.012420183824469
29 0.0548818600173345	0.423782502817577	0.477268367535433	0.0440672696296548
30 0.344140503878797	0.0422081429372917	0.576210639829626	0.0374407133542857
31 0.973209251198515	0.00734047630706243	0.0114184887862343	0.00803178370818791
32 0.0462653370426159	0.0440786737701404	0.326213077681709	0.583442911505535
33 0.00653968150043505	0.975522343583943	0.0071449792099867	0.0107929957056348
34 0.0823196934019265	0.0823196934019265	0.0823196934019265	0.75304091979422
35 0.0823196934019265	0.75304091979422	0.0823196934019265	0.0823196934019265
36 0.75304091979422	0.0823196934019265	0.0823196934019265	0.0823196934019265
37 0.0823196934019266	0.0823196934019266	0.0823196934019266	0.75304091979422
38 0.0823196934019265	0.75304091979422	0.0823196934019265	0.0823196934019265
39 0.0823196934019265	0.0823196934019265	0.0823196934019265	0.75304091979422
40 0.00919176452788909	0.00706086804601231	0.977026533531212	0.00672083389488589
41 0.539827364795306	0.354685316772698	0.0644410495227191	0.0410462689092759
42 0.75304091979422	0.0823196934019265	0.0823196934019265	0.0823196934019265
43 0.0823196934019266	0.753040919794221	0.0823196934019266	0.0823196934019266
44 0.00773644411680391	0.00990302387322199	0.00738969717974105	0.974970834830233
45 0.0367600927341196	0.434143153856862	0.0410528870701249	0.488043866338894
46 0.0478454318017554	0.486877838665495	0.415293564257606	0.0499831652751436
47 0.0120634735714134	0.959232764997462	0.0157823559974019	0.0129214054337226
48 0.75304091979422	0.0823196934019265	0.0823196934019265	0.0823196934019265
49 0.75304091979422	0.0823196934019265	0.0823196934019265	0.0823196934019265
50 0.0630709124614752	0.372951485979082	0.522479810676323	0.0414977908831195
51 0.00723072807318235	0.0497719239747736	0.00758453327555285	0.935412814676491
52 0.0823196934019266	0.0823196934019266	0.0823196934019266	0.75304091979422
53 0.75304091979422	0.0823196934019266	0.0823196934019266	0.0823196934019266
54 0.75304091979422	0.0823196934019264	0.0823196934019264	0.0823196934019264
55 0.0823196934019265	0.0823196934019265	0.75304091979422	0.0823196934019265
56 0.00758012822177167	0.967943186566243	0.00774230871526432	0.0167343764967203
57 0.0128268753277043	0.959535613409961	0.0121599636306209	0.015477547631714
58 0.0115131093238552	0.0142265501935861	0.012695965709316	0.961564374773242
59 0.01181389264958	0.011957784238082	0.964740523995415	0.0114877991169226
60 0.0119955465399094	0.00999648072873087	0.96735341850336	0.0106545542279992
61 0.0823196934019265	0.0823196934019265	0.0823196934019265	0.75304091979422
62 0.0823196934019264	0.0823196934019264	0.0823196934019264	0.753040919794219
63 0.0114789262409076	0.00809251689900801	0.972088811488649	0.00833974537143427
64 0.053615370097555	0.373378108057068	0.53426589514919	0.0387406266961861
65 0.00698801450349487	0.000333274019107128	0.992369590794023	0.00030912068337418
66 0.00687125323600267	0.973300409510587	0.00731221103657261	0.0125161262168369
67 0.95692742705771	0.0135033593954287	0.0165445638987882	0.0130246496480718
68 0.0823196934019265	0.75304091979422	0.0823196934019265	0.0823196934019265
69 0.010865945197425	0.0093224711870143	0.971092703150331	0.00871888046522971
70 0.588398626481422	0.029149760303627	0.352021026017728	0.0304305871972214
71 0.0823196934019264	0.0823196934019264	0.0823196934019264	0.75304091979422
72 0.0823196934019265	0.0823196934019265	0.0823196934019265	0.75304091979422
73 0.75304091979422	0.0823196934019265	0.0823196934019265	0.0823196934019265
74 0.0823196934019264	0.0823196934019264	0.75304091979422	0.0823196934019264
75 0.388686976069135	0.0525289313245582	0.485257101292643	0.0735269913136623
76 0.75304091979422	0.0823196934019264	0.0823196934019264	0.0823196934019264
77 0.35619101035541	0.539987562126107	0.0412874529520407	0.0625339745664411
78 0.000784388379346207	0.0115467938841938	0.000611978404218065	0.987056839332242
79 0.0823196934019265	0.0823196934019265	0.75304091979422	0.0823196934019265
80 0.0823196934019264	0.0823196934019264	0.753040919794219	0.0823196934019264
81 0.0823196934019264	0.0823196934019264	0.75304091979422	0.0823196934019264
82 0.0823196934019265	0.0823196934019265	0.0823196934019265	0.75304091979422
83 0.0823196934019265	0.0823196934019265	0.0823196934019265	0.75304091979422
84 0.0107107538266032	0.00798749258941477	0.973377662844986	0.0079240907389947
85 0.964169105737353	0.00969890897214593	0.0174199083099269	0.00871207698057285
86 0.0823196934019265	0.0823196934019265	0.753040919794219	0.0823196934019265
87 0.0823196934019265	0.0823196934019265	0.0823196934019265	0.753040919794219
88 0.0823196934019264	0.0823196934019264	0.75304091979422	0.0823196934019264
89 0.75304091979422	0.0823196934019264	0.0823196934019264	0.0823196934019264
90 0.00843551899839179	0.0153693908891376	0.00977933059504586	0.966415759517424
91 0.00770569006367176	0.971394363230663	0.00808426978974355	0.0128156769159203
92 0.0823196934019264	0.0823196934019264	0.0823196934019264	0.753040919794219
93 0.0823196934019264	0.75304091979422	0.0823196934019264	0.0823196934019264
94 0.0823196934019265	0.75304091979422	0.0823196934019265	0.0823196934019265
95 0.0823196934019264	0.0823196934019264	0.0823196934019264	0.75304091979422
96 0.0823196934019264	0.0823196934019264	0.75304091979422	0.0823196934019264
97 0.0119243046787349	0.000748991940626439	0.984729482339996	0.00259722104064158
98 0.0441932055545719	0.0476953104109683	0.584186848481309	0.32392463555315
99 0.0823196934019265	0.0823196934019265	0.0823196934019265	0.75304091979422
100 0.0716629295273084	0.368790298246013	0.051471523872599	0.508075248354078
101 0.0823196934019264	0.0823196934019264	0.0823196934019264	0.753040919794219
102 0.0823196934019263	0.753040919794219	0.0823196934019263	0.0823196934019263
103 0.027916456354988	0.634980822051987	0.0313013888771544	0.305801332715869
104 0.0084856572186266	0.969263240930316	0.00943719423883905	0.0128139076122172
105 0.0823196934019265	0.75304091979422	0.0823196934019265	0.0823196934019265
106 0.0122163400082397	0.0141338732624846	0.0137348957863646	0.95991489094291
107 0.0102291664129042	0.00722924674722108	0.975455714977026	0.00708587186284812
108 0.000378204097369587	0.00683245574234296	0.000274894946425248	0.992514445213862
109 0.17268287288239	0.015631939389256	0.795286059946851	0.0163991277815027
110 0.00890643905281167	0.965543505226707	0.00865943636891581	0.0168906193515652
111 0.00574292015093963	0.0750354252427167	0.0053100318642967	0.913911622742047
112 0.00922804609615862	0.00719547687662437	0.97676182021635	0.00681465681086682
113 0.00825955129047316	0.0111084355845463	0.00820455922785652	0.972427453897124
114 0.970338148592335	0.00860433609223957	0.0123610409394983	0.00869647437592721
115 0.0122104059501978	0.0130872456292397	0.0131058550728949	0.961596493347668
116 0.0106986983090003	0.951204545993403	0.0104699004704327	0.0276268552271636
117 0.366151703335544	0.0559213377917254	0.074194848824592	0.503732110048138
118 0.0823196934019265	0.75304091979422	0.0823196934019265	0.0823196934019265
