0 0.000310012982981518	0.0491672672722414	0.000251849864893056	0.950270869879884
1 0.998542583638769	9.40251727326424e-5	0.0013300891003694	3.33020881291789e-5
2 0.998478758583792	0.000147914553787568	0.00133820932648915	3.51175359308969e-5
3 1.61805987515532e-5	6.24969443381549e-5	0.000109268204464659	0.999812054252446
4 5.39882091333958e-6	2.21550513656056e-5	0.999968355060801	4.0910669200265e-6
5 5.66021194430279e-6	0.99972102067714	3.20059097151518e-5	0.000241313201200243
6 1.60772879262554e-5	3.25745418333074e-5	0.999944266287581	7.08188265910084e-6
7 2.86923278369495e-5	0.000108024344036769	0.00015094295941823	0.999712340368708
8 0.000121416945316058	0.0265876302317025	5.98899388056102e-5	0.973231062884176
9 0.00620605013106322	0.98138184960681	0.00620605013106322	0.00620605013106322
10 0.98138184960681	0.00620605013106322	0.00620605013106322	0.00620605013106322
11 0.00620605013106322	0.00620605013106322	0.00620605013106322	0.98138184960681
12 0.98138184960681	0.00620605013106322	0.00620605013106322	0.00620605013106322
13 2.72153313118465e-5	0.999611709856712	1.99383642238683e-5	0.000341136447752365
14 2.79727644938074e-5	0.000105289084812739	4.69639015799898e-5	0.999819774249114
15 0.98138184960681	0.00620605013106322	0.00620605013106322	0.00620605013106322
16 0.00155779953275616	0.769829195225103	0.00387199904543557	0.224741006196705
17 0.00156497613403295	0.824262884812006	0.00469590237697609	0.169476236676984
18 0.000199502445293879	0.197623393110226	0.000582349288884498	0.801594755155595
19 0.00126844450288831	0.383242092157765	0.614427326882571	0.00106213645677638
20 5.8785451694966e-5	2.94170071927456e-5	0.999884190238158	2.76073029539381e-5
21 0.00620605013106322	0.00620605013106322	0.00620605013106322	0.981381849606811
22 0.981381849606811	0.00620605013106322	0.00620605013106322	0.00620605013106322
23 0.98138184960681	0.00620605013106322	0.00620605013106322	0.00620605013106322
24 0.0057020324467232	6.85360318642494e-5	0.99418549846159	4.39330598232393e-5
25 2.9611699059674e-5	0.999857530093043	1.31734100580044e-5	9.96847978386921e-5
26 0.98138184960681	0.00620605013106322	0.00620605013106322	0.00620605013106322
27 0.00620605013106322	0.981381849606811	0.00620605013106322	0.00620605013106322
28 1.48197621595692e-5	0.999669816340023	1.99871987575458e-5	0.000295376699060168
29 6.41536892424967e-6	0.999774342676011	2.22752327900264e-5	0.000196966722274709
30 5.73288559254774e-6	3.00862076280645e-5	0.999956711483367	7.46942341173815e-6
31 0.999332395968112	5.21834769813235e-5	0.000584582511341556	3.08380435649802e-5
32 2.09637215117218e-5	7.69837292892627e-5	5.42600022922837e-5	0.999847792546906
33 2.20026267177572e-5	0.99950675789843	1.38510835721202e-5	0.00045738839127955
34 0.00620605013106322	0.981381849606809	0.00620605013106322	0.00620605013106322
35 0.00620605013106322	0.98138184960681	0.00620605013106322	0.00620605013106322
36 0.98138184960681	0.00620605013106321	0.00620605013106321	0.00620605013106321
37 0.00620605013106321	0.00620605013106321	0.00620605013106321	0.98138184960681
38 0.98138184960681	0.00620605013106321	0.00620605013106321	0.00620605013106321
39 0.98138184960681	0.00620605013106322	0.00620605013106322	0.00620605013106322
40 3.8603839546032e-5	1.6017240636526e-5	0.999921197370864	2.41815489521595e-5
41 0.999266426156952	5.31482452578609e-5	0.000646085846180765	3.43397516084608e-5
42 0.98138184960681	0.00620605013106322	0.00620605013106322	0.00620605013106322
43 0.00620605013106322	0.98138184960681	0.00620605013106322	0.00620605013106322
44 2.15830132838494e-5	7.23518885050831e-5	5.41332565596614e-5	0.999851931841651
45 6.29104123275868e-6	0.999737964592869	3.10467251882601e-5	0.000224697640710418
46 6.38335379324858e-6	2.16790175548483e-5	0.999964826491925	7.11113672712765e-6
47 2.70115362295977e-5	2.0120412182596e-5	0.999935718297319	1.71497542682254e-5
48 0.98138184960681	0.00620605013106322	0.00620605013106322	0.00620605013106322
49 0.98138184960681	0.00620605013106322	0.00620605013106322	0.00620605013106322
50 5.87526989804675e-5	1.73880550461714e-5	0.999892382964282	3.14762816912495e-5
51 4.76642603466275e-5	0.014068250856897	3.88719375226958e-5	0.985845212945234
52 0.00620605013106321	0.00620605013106321	0.00620605013106321	0.981381849606811
53 0.981381849606811	0.00620605013106322	0.00620605013106322	0.00620605013106322
54 0.98138184960681	0.00620605013106322	0.00620605013106322	0.00620605013106322
55 0.00620605013106322	0.00620605013106322	0.98138184960681	0.00620605013106322
56 2.26997960403022e-5	0.999387762408838	2.67889689241096e-5	0.000562748826197265
57 0.00107590482973801	0.616582191045269	0.381072469818838	0.00126943430615502
58 0.0491035652220579	0.000592659373466715	0.950075702157061	0.000228073247413566
59 0.243920797554633	0.00427268387824655	0.749891030551832	0.00191548801528819
60 0.496653415330635	0.00278626152340252	0.497984342128973	0.00257598101698912
61 0.00620605013106322	0.00620605013106322	0.00620605013106322	0.98138184960681
62 0.00620605013106322	0.00620605013106322	0.00620605013106322	0.98138184960681
63 0.998618735299043	4.66671064404372e-5	0.00129618831083442	3.84092836818474e-5
64 5.06786329998733e-5	2.23626868860713e-5	0.999896328511767	3.06301683471137e-5
65 0.000954376013708363	1.22709565475995e-5	0.999026584707176	6.76832256737918e-6
66 2.73691261858453e-6	0.999966398578479	1.32656583155728e-5	1.75988505856517e-5
67 1.64861358109599e-5	0.999362210755597	1.03692581525451e-5	0.000610933850438289
68 0.00620605013106321	0.00620605013106321	0.981381849606809	0.00620605013106321
69 5.16238800635522e-5	2.15280826960908e-5	0.99989790036837	2.89476688692297e-5
70 4.53821768588602e-5	0.000105837866202799	9.38228884720598e-5	0.999754957068465
71 0.981381849606809	0.00620605013106321	0.00620605013106321	0.00620605013106321
72 0.00620605013106321	0.00620605013106321	0.00620605013106321	0.981381849606809
73 0.00620605013106321	0.00620605013106321	0.981381849606809	0.00620605013106321
74 0.00620605013106321	0.00620605013106321	0.98138184960681	0.00620605013106321
75 0.000161921268041461	0.000921564019702676	0.000338789374570799	0.998577725337684
76 0.98138184960681	0.00620605013106321	0.00620605013106321	0.00620605013106321
77 2.99019249790818e-5	0.999590570102609	2.41190676095469e-5	0.000355408904801001
78 0.00183922599771136	0.354168333137052	0.159987855504582	0.484004585360654
79 0.00620605013106321	0.00620605013106321	0.00620605013106321	0.98138184960681
80 0.98138184960681	0.00620605013106321	0.00620605013106321	0.00620605013106321
81 0.00620605013106321	0.00620605013106321	0.981381849606809	0.00620605013106321
82 0.00620605013106321	0.00620605013106321	0.00620605013106321	0.98138184960681
83 0.00620605013106321	0.00620605013106321	0.00620605013106321	0.98138184960681
84 0.00463158567567803	0.420526371868235	0.571785102986975	0.00305693946911137
85 0.999128142078289	8.7898266767774e-5	0.000732764762859154	5.11948920835178e-5
86 0.0062060501310632	0.0062060501310632	0.98138184960681	0.0062060501310632
87 0.0062060501310632	0.0062060501310632	0.0062060501310632	0.98138184960681
88 0.00620605013106321	0.00620605013106321	0.98138184960681	0.00620605013106321
89 0.98138184960681	0.0062060501310632	0.0062060501310632	0.0062060501310632
90 3.78095661435889e-5	0.000132727420112398	8.86303556777143e-5	0.999740832658066
91 0.00399348853867924	0.606505046752265	0.386674981188822	0.00282648352023323
92 0.98138184960681	0.00620605013106321	0.00620605013106321	0.00620605013106321
93 0.00620605013106321	0.00620605013106321	0.00620605013106321	0.981381849606809
94 0.00620605013106321	0.00620605013106321	0.00620605013106321	0.98138184960681
95 0.00620605013106321	0.98138184960681	0.00620605013106321	0.00620605013106321
96 0.00620605013106321	0.00620605013106321	0.981381849606809	0.00620605013106321
97 0.00200239290576865	0.143124191325221	0.839964127148176	0.014909288620834
98 4.95490677721924e-5	2.69995972603092e-5	0.999891410764068	3.20405708988913e-5
99 0.981381849606809	0.00620605013106321	0.00620605013106321	0.00620605013106321
100 0.998027550101638	0.00036805364567799	0.00120836308729847	0.000396033165385119
101 0.00620605013106321	0.00620605013106321	0.00620605013106321	0.98138184960681
102 0.00620605013106321	0.98138184960681	0.00620605013106321	0.00620605013106321
103 0.998127960852239	9.40157052519254e-5	0.00172107789851144	5.69455439968547e-5
104 2.63135186946475e-5	0.999306676004311	1.84222756858644e-5	0.000648588201307073
105 0.00620605013106321	0.981381849606809	0.00620605013106321	0.00620605013106321
106 3.06552731180424e-5	1.1685586511775e-5	0.999939257059093	1.84020812762254e-5
107 4.18959181362441e-6	1.30256580337627e-5	0.999979711501858	3.07324829437529e-6
108 1.05870598763587e-5	0.00247584700810414	6.34728099323318e-6	0.997507218651026
109 0.00717329885896174	0.000145873991652474	0.992517674213529	0.000163152935856975
110 0.998888782269129	0.000150838979316719	0.000930396372341346	2.99823792129585e-5
111 5.94657531467698e-6	0.998168866201437	3.29522650909537e-5	0.00179223495815671
112 5.67486313295316e-6	3.1573343287743e-5	0.999956577339482	6.17445409703758e-6
113 3.64117473498756e-6	0.999698612046623	2.24572737599117e-5	0.00027528950488183
114 0.998957695718363	0.000107176852202728	0.000915478089259369	1.96493401747354e-5
115 2.49323486715965e-5	0.000148938547082916	0.000152161337918563	0.999673967766327
116 2.61024855991433e-5	0.000129371470652067	9.66356930365228e-5	0.999747890350712
117 0.0253382426524859	0.000512054822578586	0.973785983765994	0.000363718758941949
118 0.00620605013106322	0.98138184960681	0.00620605013106322	0.00620605013106322
