0 0.0216701345487433	0.0154327319937472	0.945950296247472	0.0169468372100374
1 0.458159821823368	0.393349589943262	0.0691870987295902	0.0793034895037797
2 0.0162701138197369	0.0222265039716543	0.0176250531811171	0.943878329027491
3 0.0138647905239152	0.0170509398324548	0.0143123584365701	0.95477191120706
4 0.482377812610959	0.0517489379279045	0.076132989960149	0.389740259500988
5 0.0109832159567103	0.959925617340816	0.0122210931126483	0.0168700735898252
6 0.0612246906137021	0.0340784714830206	0.70760382974696	0.197093008156317
7 0.0209103344980883	0.0142792076857827	0.949678127378377	0.0151323304377519
8 0.0113476045298886	0.915854920397673	0.0115289608350423	0.0612685142373952
9 0.0995460877583111	0.701361736725066	0.0995460877583111	0.0995460877583111
10 0.701361736725066	0.0995460877583111	0.0995460877583111	0.0995460877583111
11 0.0995460877583111	0.0995460877583111	0.0995460877583111	0.701361736725066
12 0.701361736725066	0.0995460877583111	0.0995460877583111	0.0995460877583111
13 0.0114416377305526	0.958012566064921	0.0125003834448675	0.0180454127596585
14 0.0134335555524528	0.952186567447026	0.0137088700075475	0.0206710069929727
15 0.701361736725065	0.0995460877583111	0.0995460877583111	0.0995460877583111
16 0.0170449743701749	0.944594693648307	0.0169232202618353	0.021437111719682
17 0.0182503092980706	0.940413983859539	0.0202756549590689	0.0210600518833201
18 0.0169528812096566	0.942163477202935	0.0180736998575367	0.0228099417298705
19 0.0164690331197192	0.0220204239877188	0.0169761930483514	0.94453434984421
20 0.0214108895382884	0.0127916481806105	0.952724705400497	0.0130727568806029
21 0.701361736725066	0.0995460877583111	0.0995460877583111	0.0995460877583111
22 0.0995460877583111	0.0995460877583111	0.701361736725066	0.0995460877583111
23 0.0995460877583111	0.0995460877583111	0.701361736725066	0.0995460877583111
24 0.752143627089096	0.0200129268851476	0.203369022076495	0.0244744239492608
25 0.0124489162053409	0.949815606506528	0.0128670158252205	0.0248684614629095
26 0.099546087758311	0.099546087758311	0.099546087758311	0.701361736725066
27 0.099546087758311	0.701361736725065	0.099546087758311	0.099546087758311
28 0.0116828083985095	0.957232829782294	0.0127813428297237	0.018303018989472
29 0.0668796098630293	0.412612746814197	0.465427734496144	0.0550799088266286
30 0.0165612240698658	0.0151372115088771	0.953984603226733	0.0143169611945228
31 0.502200541572535	0.0484388651391293	0.0698188698735105	0.379541723414824
32 0.0116369449068039	0.0161165985315871	0.0115450537517298	0.960701402809878
33 0.01083197655756	0.960360497526862	0.0119939628254619	0.0168135630901144
34 0.099546087758311	0.099546087758311	0.099546087758311	0.701361736725066
35 0.099546087758311	0.701361736725066	0.099546087758311	0.099546087758311
36 0.099546087758311	0.099546087758311	0.701361736725066	0.099546087758311
37 0.0995460877583111	0.701361736725066	0.0995460877583111	0.0995460877583111
38 0.099546087758311	0.701361736725066	0.099546087758311	0.099546087758311
39 0.099546087758311	0.099546087758311	0.099546087758311	0.701361736725066
40 0.0147592678858246	0.0118470872500467	0.962283277147454	0.0111103677166736
41 0.957871373128459	0.0115043867431405	0.0183144279852739	0.0123098121431259
42 0.099546087758311	0.099546087758311	0.701361736725065	0.099546087758311
43 0.099546087758311	0.701361736725066	0.099546087758311	0.099546087758311
44 0.358873794695926	0.0562504635329326	0.0579709357175413	0.526904806053599
45 0.0137513456388188	0.951729128069229	0.0155244155578511	0.0189951107340999
46 0.0583663602779092	0.474067218683928	0.404981557447882	0.0625848635902795
47 0.0159089780458318	0.0126202883242721	0.959454819989391	0.0120159136405041
48 0.701361736725066	0.099546087758311	0.099546087758311	0.099546087758311
49 0.701361736725066	0.0995460877583111	0.0995460877583111	0.0995460877583111
50 0.0194097975340279	0.0126641029936649	0.955027388328567	0.0128987111437397
51 0.0212337416563302	0.726065026945812	0.0219997777257763	0.230701453672081
52 0.0995460877583111	0.0995460877583111	0.0995460877583111	0.701361736725066
53 0.701361736725066	0.0995460877583111	0.0995460877583111	0.0995460877583111
54 0.701361736725066	0.099546087758311	0.099546087758311	0.099546087758311
55 0.099546087758311	0.099546087758311	0.701361736725065	0.099546087758311
56 0.0124869274480606	0.949889489526186	0.0129432471258774	0.0246803358998748
57 0.938797592799399	0.016822075881059	0.026970211703082	0.0174101196164593
58 0.0200424095886433	0.0177488098967254	0.944679383762505	0.0175293967521258
59 0.0187334887029723	0.0199113407258009	0.942474259765934	0.0188809108052916
60 0.0190347191089129	0.0166705317266206	0.946729699879431	0.0175650492850341
61 0.099546087758311	0.099546087758311	0.099546087758311	0.701361736725066
62 0.0995460877583112	0.701361736725066	0.0995460877583112	0.0995460877583112
63 0.0184313771066779	0.0135379649025363	0.954256026409316	0.0137746315814687
64 0.015922810718616	0.0123476135118103	0.959991542643285	0.0117380331262872
65 0.0102209299328233	0.000536531188468382	0.988728166016235	0.000514372862472349
66 0.0113606542496095	0.9572094599065	0.0122613756119234	0.0191685102319672
67 0.0160692958787029	0.94163899083795	0.0170454685891497	0.0252462446941966
68 0.0995460877583112	0.0995460877583112	0.0995460877583112	0.701361736725066
69 0.0173471261509737	0.0155872454460264	0.952686266640683	0.014379361762316
70 0.0296664110124704	0.0135899675187923	0.942712947153981	0.0140306743147561
71 0.701361736725067	0.0995460877583111	0.0995460877583111	0.0995460877583111
72 0.0995460877583111	0.0995460877583111	0.0995460877583111	0.701361736725066
73 0.701361736725066	0.0995460877583112	0.0995460877583112	0.0995460877583112
74 0.0995460877583111	0.0995460877583111	0.701361736725066	0.0995460877583111
75 0.011042612901487	0.0154145081640139	0.0108845967958636	0.962658282138635
76 0.701361736725066	0.0995460877583112	0.0995460877583112	0.0995460877583112
77 0.0115355275510404	0.958109525568176	0.0125053587684003	0.0178495881123828
78 0.00124557614143992	0.01625792897163	0.00103310311276825	0.981463391774162
79 0.0995460877583112	0.0995460877583112	0.0995460877583112	0.701361736725066
80 0.0995460877583112	0.0995460877583112	0.701361736725067	0.0995460877583112
81 0.0995460877583112	0.0995460877583112	0.701361736725066	0.0995460877583112
82 0.701361736725066	0.0995460877583112	0.0995460877583112	0.0995460877583112
83 0.0995460877583111	0.0995460877583111	0.0995460877583111	0.701361736725066
84 0.0169680671887262	0.0133715412708	0.956590085064289	0.0130703064761848
85 0.0166279610079395	0.0125138611613453	0.958835413129261	0.0120227647014545
86 0.0995460877583111	0.0995460877583111	0.701361736725066	0.0995460877583111
87 0.701361736725066	0.0995460877583112	0.0995460877583112	0.0995460877583112
88 0.0995460877583112	0.0995460877583112	0.701361736725066	0.0995460877583112
89 0.701361736725066	0.0995460877583112	0.0995460877583112	0.0995460877583112
90 0.0117282760137903	0.956818842583899	0.0126705401399381	0.0187823412623727
91 0.0127398354080503	0.954060993655348	0.013540353177946	0.0196588177586559
92 0.701361736725067	0.0995460877583112	0.0995460877583112	0.0995460877583112
93 0.0995460877583112	0.701361736725066	0.0995460877583112	0.0995460877583112
94 0.0995460877583111	0.701361736725066	0.0995460877583111	0.0995460877583111
95 0.0995460877583112	0.0995460877583112	0.701361736725066	0.0995460877583112
96 0.0995460877583112	0.0995460877583112	0.701361736725066	0.0995460877583112
97 0.0167301123356564	0.00120268725361799	0.978468889586041	0.00359831082468423
98 0.0154613191778854	0.0123185339706567	0.960358834876996	0.0118613119744618
99 0.701361736725066	0.0995460877583111	0.0995460877583111	0.0995460877583111
100 0.960116053554216	0.0108001383985314	0.0174532523200405	0.0116305557272113
101 0.0995460877583111	0.0995460877583111	0.0995460877583111	0.701361736725066
102 0.701361736725066	0.0995460877583112	0.0995460877583112	0.0995460877583112
103 0.0134760405329556	0.938625211768382	0.0137344213036075	0.0341643263950545
104 0.0140218775689774	0.950356697242192	0.0157860299063915	0.0198353952824385
105 0.701361736725066	0.0995460877583112	0.0995460877583112	0.0995460877583112
106 0.0209665988726037	0.0167486568972845	0.945636134250443	0.0166486099796687
107 0.0162385329758278	0.0121150947563741	0.959961380404032	0.0116849918637652
108 0.00059836260452618	0.0100205867713541	0.000465786886412676	0.988915263737706
109 0.0341998147435883	0.01146460187837	0.94210000173525	0.0122355816427911
110 0.014677517538566	0.945687225684295	0.0144599036006446	0.0251753531764938
111 0.22608672377441	0.319439097963121	0.0307373026534008	0.423736875609068
112 0.0148172895199984	0.0120711631478306	0.961846708290702	0.0112648390414687
113 0.368199267392457	0.0602156503734751	0.0616437765980424	0.509941305636025
114 0.952183830840033	0.0142002313115916	0.0191886448207502	0.0144272930276248
115 0.939261312815543	0.0174719285895567	0.026142967581728	0.0171237910131723
116 0.0567625479852802	0.0951742086496482	0.439867016726171	0.4081962266389
117 0.0157914462132865	0.942976700514434	0.0159669014023098	0.0252649518699694
118 0.0995460877583111	0.0995460877583111	0.0995460877583111	0.701361736725066
