0 0.977328932252305	0.00193342695204003	0.0192483459017613	0.00148929489389353
1 0.0263887520830969	0.00649013568018942	0.965860612804195	0.0012604994325188
2 0.00207398275758416	0.0321274076753375	0.914048679665941	0.0517499299011374
3 0.000521598128287384	0.00924220552510604	0.0115044161158232	0.978731780230784
4 0.964022202961417	0.0114238186602343	0.0238985310825187	0.000655447295830247
5 5.26809327910218e-5	0.998041355998281	0.00097805136969674	0.00092791169923177
6 0.0454071207251602	0.0078985873079917	0.945349281976222	0.0013450099906264
7 5.03377064904941e-5	0.000921791628513847	0.998957242466455	7.0628198540128e-5
8 0.00019664536861814	0.991581578632692	0.000609259860874573	0.00761251613781482
9 0.0274234350511392	0.917729694846582	0.0274234350511392	0.0274234350511392
10 0.917729694846583	0.0274234350511392	0.0274234350511392	0.0274234350511392
11 0.0274234350511392	0.917729694846581	0.0274234350511392	0.0274234350511392
12 0.917729694846582	0.0274234350511392	0.0274234350511392	0.0274234350511392
13 0.000868083592878797	0.00237529464791732	0.00351240605699313	0.993244215702211
14 0.00564016211915998	0.610683633557823	0.37776796751603	0.00590823680698798
15 0.917729694846583	0.0274234350511392	0.0274234350511392	0.0274234350511392
16 0.000604488156184216	0.00243885028212045	0.00313377083685101	0.993822890724844
17 0.000116727572460862	0.997164774313515	0.00163759454211396	0.00108090357191094
18 0.000115284392684244	0.0020227071472491	0.997738961284025	0.000123047176042268
19 0.000900171996661537	0.00492329162672336	0.0138324107347678	0.980344125641848
20 0.000402306351309208	0.00105164870405728	0.998172277734399	0.000373767210235066
21 0.917729694846583	0.0274234350511392	0.0274234350511392	0.0274234350511392
22 0.917729694846583	0.0274234350511392	0.0274234350511392	0.0274234350511392
23 0.0274234350511392	0.0274234350511392	0.0274234350511392	0.917729694846583
24 0.962478620707651	0.00213538697572319	0.0342624994369893	0.00112349287963753
25 0.00402759575130671	0.476222802061584	0.419147767689873	0.100601834497237
26 0.0274234350511393	0.0274234350511393	0.917729694846583	0.0274234350511393
27 0.0274234350511392	0.917729694846583	0.0274234350511392	0.0274234350511392
28 0.000188568555480222	0.997065048591412	0.000912416070022214	0.00183396678308682
29 0.0419490879776182	0.919559907412065	0.0132608673669105	0.0252301372434073
30 0.972005105274406	0.0119050698972758	0.0149314834917686	0.00115834133655051
31 0.460712365260494	0.0572953967616805	0.053635597545253	0.428356640432574
32 0.263180586216432	0.0342835950489117	0.243927903067119	0.458607915667539
33 0.000522569277070702	0.995115925812481	0.000583359777345425	0.00377814513310419
34 0.0274234350511393	0.917729694846584	0.0274234350511393	0.0274234350511393
35 0.0274234350511393	0.917729694846583	0.0274234350511393	0.0274234350511393
36 0.0274234350511392	0.0274234350511392	0.917729694846583	0.0274234350511392
37 0.0274234350511392	0.0274234350511392	0.0274234350511392	0.917729694846584
38 0.0274234350511393	0.917729694846584	0.0274234350511393	0.0274234350511393
39 0.0274234350511392	0.917729694846584	0.0274234350511392	0.0274234350511392
40 0.000626479224432818	0.000679248928460383	0.998119870960105	0.000574400887003483
41 0.372764082508894	0.0375535477893495	0.094642443118574	0.495039926583183
42 0.0274234350511392	0.917729694846583	0.0274234350511392	0.0274234350511392
43 0.0274234350511392	0.917729694846584	0.0274234350511392	0.0274234350511392
44 0.530401726914892	0.0524867309886822	0.064535648545602	0.352575893550825
45 0.000817717275399842	0.00567037706255377	0.0122406502258068	0.981271255436241
46 0.00200084399188337	0.0128413432175276	0.942971682783218	0.0421861300073718
47 0.000252008135099219	0.000805242448309254	0.998635152481736	0.000307596934857136
48 0.0274234350511393	0.917729694846584	0.0274234350511393	0.0274234350511393
49 0.917729694846584	0.0274234350511393	0.0274234350511393	0.0274234350511393
50 0.00484526557795531	0.382644393426525	0.580808644260122	0.031701696735399
51 0.000978019963033426	0.00367318053572858	0.00225850783532238	0.993090291665916
52 0.0274234350511393	0.917729694846583	0.0274234350511393	0.0274234350511393
53 0.917729694846584	0.0274234350511392	0.0274234350511392	0.0274234350511392
54 0.0274234350511392	0.0274234350511392	0.917729694846583	0.0274234350511392
55 0.917729694846582	0.0274234350511392	0.0274234350511392	0.0274234350511392
56 0.000238313889952485	0.994186003840546	0.00113064776812638	0.00444503450137549
57 0.970064900745988	0.0136819614089249	0.0152022356494779	0.00105090219560943
58 9.02461258766989e-5	0.996217252770351	0.0020552521721726	0.00163724893159997
59 6.8836736629853e-5	0.00159257535806649	0.998176624123945	0.000161963781359074
60 0.988984752489603	0.00270110636937433	0.00725584390488604	0.00105829723613666
61 0.0274234350511392	0.0274234350511392	0.0274234350511392	0.917729694846583
62 0.0274234350511392	0.917729694846582	0.0274234350511392	0.0274234350511392
63 0.00427610251492907	0.399700925773961	0.589408797264792	0.00661417444631828
64 0.987970591362486	0.00315812119427664	0.0075690760215771	0.00130221142166035
65 0.00988168689741685	0.000964247469012797	0.98879132615645	0.000362739477120801
66 3.84632138013474e-5	0.999407141880952	0.000470122338114801	8.42725671319793e-5
67 0.000771031467076929	0.00354637677661007	0.00129421884227785	0.994388372914035
68 0.0274234350511392	0.0274234350511392	0.0274234350511392	0.917729694846583
69 0.00055102108794556	0.9923253231854	0.00263483776115424	0.00448881796550097
70 0.000598464961398182	0.00221822835538737	0.996413405999626	0.000769900683588977
71 0.0274234350511392	0.0274234350511392	0.0274234350511392	0.917729694846583
72 0.0274234350511392	0.917729694846583	0.0274234350511392	0.0274234350511392
73 0.917729694846583	0.0274234350511392	0.0274234350511392	0.0274234350511392
74 0.0274234350511392	0.0274234350511392	0.917729694846583	0.0274234350511392
75 0.0072770451648536	0.0138702517650968	0.00946973913889055	0.96938296393116
76 0.0274234350511392	0.0274234350511392	0.0274234350511392	0.917729694846583
77 0.000353183486014473	0.996402091016797	0.00112020419955676	0.00212452129763252
78 0.000453576215987157	0.0769629216661703	0.000653016520743816	0.921930485597099
79 0.917729694846583	0.0274234350511392	0.0274234350511392	0.0274234350511392
80 0.0274234350511392	0.0274234350511392	0.0274234350511392	0.917729694846583
81 0.0274234350511392	0.0274234350511392	0.917729694846583	0.0274234350511392
82 0.0274234350511393	0.0274234350511393	0.917729694846582	0.0274234350511393
83 0.0274234350511392	0.0274234350511392	0.0274234350511392	0.917729694846583
84 0.000192493095564328	0.000495029240984246	0.99902897460147	0.000283503061981261
85 0.989191463163286	0.00261235642600509	0.00721608275392332	0.000980097656786215
86 0.0274234350511393	0.917729694846582	0.0274234350511393	0.0274234350511393
87 0.917729694846583	0.0274234350511393	0.0274234350511393	0.0274234350511393
88 0.0274234350511393	0.0274234350511393	0.917729694846582	0.0274234350511393
89 0.917729694846582	0.0274234350511393	0.0274234350511393	0.0274234350511393
90 0.000577343228670362	0.00249376193006706	0.00300452085830698	0.993924373982956
91 0.000227412821799717	0.995387707149759	0.000522413868679317	0.00386246615976215
92 0.917729694846583	0.0274234350511392	0.0274234350511392	0.0274234350511392
93 0.0274234350511392	0.917729694846582	0.0274234350511392	0.0274234350511392
94 0.917729694846583	0.0274234350511392	0.0274234350511392	0.0274234350511392
95 0.0274234350511393	0.0274234350511393	0.0274234350511393	0.917729694846583
96 0.0274234350511392	0.0274234350511392	0.917729694846583	0.0274234350511392
97 0.0163935578762407	0.000629489685939794	0.982397167750677	0.000579784687143328
98 0.000360970243443152	0.00114531972595725	0.998128977295852	0.000364732734748231
99 0.917729694846583	0.0274234350511392	0.0274234350511392	0.0274234350511392
100 0.964661761768401	0.00984489012136261	0.0152592402060146	0.0102341079042223
101 0.0274234350511392	0.0274234350511392	0.917729694846582	0.0274234350511392
102 0.917729694846583	0.0274234350511392	0.0274234350511392	0.0274234350511392
103 0.000525952819047112	0.991147479068026	0.00242544085132077	0.0059011272616064
104 0.00056015627197183	0.00240432120261815	0.99622509054301	0.000810431982400787
105 0.917729694846583	0.0274234350511392	0.0274234350511392	0.0274234350511392
106 0.977569390288854	0.00114738290082891	0.0203391759212437	0.000944050889073717
107 3.52701144740482e-5	0.000460341291097907	0.999455904315785	4.84842786429609e-5
108 0.000328206587344322	0.0465181637620875	0.000979356095693864	0.952174273554874
109 0.00018106574270955	0.000590860683387268	0.999001696384183	0.000226377189719889
110 6.71971759374994e-5	0.99831759813357	0.000925156341262599	0.000690048349229832
111 0.0011126601679748	0.324160315915819	0.00812991876911669	0.666597105147089
112 9.92368459271423e-5	0.000961996614885815	0.998869435302658	6.93312365295782e-5
113 0.000518664460814655	0.00908428802036392	0.0115601368517615	0.97883691066706
114 0.964498301350878	0.0113491844346734	0.0234749411938945	0.000677573020554244
115 0.0516974661414609	0.896225950467135	0.0325242215122921	0.0195523618791117
116 0.000943324488128602	0.583517888969146	0.00680233219295588	0.408736454349769
117 0.00122223368405491	0.00344902203188989	0.0020565533434959	0.993272190940559
118 0.0274234350511392	0.0274234350511392	0.0274234350511392	0.917729694846582
