0 0.00208001283233519	0.00715148466063621	0.986969224295616	0.00379927821141292
1 0.734283228264443	0.11081192354216	0.146366204515522	0.00853864367787496
2 0.00610375070837856	0.11514295049351	0.11978253332683	0.758970765471281
3 0.0109812739884267	0.766797259764391	0.146314072375207	0.0759073938719746
4 0.0905998206933127	0.177530602307935	0.718167985288165	0.013701591710587
5 0.00166044370193372	0.967519092928068	0.0251517295962488	0.00566873377374939
6 0.00151743926877297	0.0101968028500986	0.98657160852861	0.00171414935251833
7 0.000752059038906536	0.0101910319840898	0.988185343402248	0.000871565574755905
8 0.0202800898726037	0.741839142130382	0.0682588468743847	0.16962192112263
9 0.0830384508431038	0.750884647470689	0.0830384508431038	0.0830384508431038
10 0.750884647470689	0.0830384508431038	0.0830384508431038	0.0830384508431038
11 0.0830384508431038	0.0830384508431038	0.0830384508431038	0.750884647470689
12 0.750884647470689	0.0830384508431038	0.0830384508431038	0.0830384508431038
13 0.00782071144099732	0.0348753228038035	0.0426185786321988	0.914685387123
14 0.00279709108852206	0.974533082810762	0.00783187407496784	0.0148379520257484
15 0.0830384508431038	0.750884647470689	0.0830384508431038	0.0830384508431038
16 0.828407947494835	0.0400686175332055	0.116926741069397	0.0145966939025621
17 0.00139006953860175	0.962194441796239	0.0298988492582271	0.00651663940693151
18 0.00151855594670304	0.0109287986135209	0.985682542990986	0.00187010244878931
19 0.000714670155617623	0.00577237628841387	0.992615984450503	0.00089696910546515
20 0.208999291937496	0.0796591590177675	0.680725581160495	0.0306159678842404
21 0.750884647470688	0.0830384508431037	0.0830384508431037	0.0830384508431037
22 0.750884647470688	0.0830384508431037	0.0830384508431037	0.0830384508431037
23 0.750884647470688	0.0830384508431037	0.0830384508431037	0.0830384508431037
24 0.0548015406285922	0.021884845912831	0.915122772807654	0.0081908406509222
25 0.00250359226317222	0.980949304883897	0.00731172303370874	0.00923537981922107
26 0.0830384508431038	0.750884647470689	0.0830384508431038	0.0830384508431038
27 0.0830384508431036	0.750884647470688	0.0830384508431036	0.0830384508431036
28 0.00669642727634441	0.93735754041498	0.0347065483898166	0.0212394839188582
29 0.00149919177050455	0.0105115990880502	0.986230158737008	0.001759050404437
30 0.000496684185214945	0.00832358077349462	0.990225947016245	0.000953788025044973
31 0.905196684845941	0.0348227655557141	0.046820037463059	0.0131605121352848
32 0.29007365197218	0.133758490008916	0.171160740277328	0.405007117741575
33 0.00289221461044172	0.9721489222211	0.00798034470411348	0.0169785184643434
34 0.0830384508431037	0.0830384508431037	0.0830384508431037	0.750884647470688
35 0.0830384508431037	0.750884647470688	0.0830384508431037	0.0830384508431037
36 0.0830384508431038	0.0830384508431038	0.750884647470688	0.0830384508431038
37 0.0830384508431037	0.0830384508431037	0.0830384508431037	0.750884647470688
38 0.0830384508431037	0.750884647470688	0.0830384508431037	0.0830384508431037
39 0.750884647470688	0.0830384508431037	0.0830384508431037	0.0830384508431037
40 0.00282260384099806	0.00757124576305559	0.986068415342354	0.00353773505359163
41 0.405922203440089	0.147781804449569	0.140340054240285	0.305955937870056
42 0.750884647470689	0.0830384508431037	0.0830384508431037	0.0830384508431037
43 0.0830384508431038	0.750884647470688	0.0830384508431038	0.0830384508431038
44 0.00761604823589535	0.0314185710146323	0.0403080054171181	0.920657375332354
45 0.000615030665627106	0.988893294662211	0.00866207902777169	0.00182959564438935
46 0.00145558035074983	0.983166738441232	0.0108148252938275	0.00456285591418945
47 0.00701866763978965	0.0314538613071136	0.951478031786518	0.0100494392665785
48 0.0830384508431037	0.0830384508431037	0.0830384508431037	0.750884647470688
49 0.0830384508431037	0.0830384508431037	0.0830384508431037	0.750884647470688
50 0.00276133770638802	0.0069812770949151	0.987326043878756	0.00293134131993949
51 0.00705063354520367	0.25174314457611	0.0228485468277038	0.718357675050981
52 0.0830384508431037	0.0830384508431037	0.0830384508431037	0.750884647470689
53 0.750884647470688	0.0830384508431037	0.0830384508431037	0.0830384508431037
54 0.750884647470688	0.0830384508431038	0.0830384508431038	0.0830384508431038
55 0.0830384508431038	0.0830384508431038	0.750884647470689	0.0830384508431038
56 0.0169454343202134	0.683546922992308	0.0932974403373303	0.206210202350147
57 0.000632465614978651	0.991291145450774	0.00603638530056874	0.00204000363367819
58 0.00153340903841767	0.982391655251134	0.0112652527034869	0.00480968300696071
59 0.00169230400736942	0.0293976191142139	0.967017695745506	0.00189238113290998
60 0.0124905537566173	0.0456417143231135	0.0420753292155205	0.899792402704749
61 0.0830384508431038	0.0830384508431038	0.0830384508431038	0.750884647470688
62 0.0830384508431038	0.750884647470689	0.0830384508431038	0.0830384508431038
63 0.00200388430744027	0.00715291269747408	0.987243469780054	0.00359973321503189
64 0.898492678202264	0.0370320500917696	0.0510015025620953	0.0134737691438708
65 0.72805196332301	0.0257047198356224	0.234717181319887	0.011526135521481
66 0.122880298087586	0.317188793735291	0.32150025394535	0.238430654231774
67 0.00277447735430635	0.971885244719543	0.00759484399794377	0.0177454339282071
68 0.0830384508431038	0.0830384508431038	0.0830384508431038	0.750884647470689
69 0.00236329854633252	0.00348717867029026	0.991390859126133	0.00275866365724505
70 0.00348762615488073	0.0119233493976582	0.980102135642507	0.00448688880495331
71 0.0830384508431038	0.0830384508431038	0.750884647470689	0.0830384508431038
72 0.0830384508431038	0.0830384508431038	0.0830384508431038	0.750884647470689
73 0.750884647470689	0.0830384508431039	0.0830384508431039	0.0830384508431039
74 0.0830384508431039	0.0830384508431039	0.750884647470689	0.0830384508431039
75 0.0334166712774739	0.052501979920975	0.0386287172838151	0.875452631517736
76 0.750884647470689	0.0830384508431038	0.0830384508431038	0.0830384508431038
77 0.00395553972989315	0.969643554674272	0.0161876887974278	0.0102132167984075
78 0.00491313523675149	0.223628688200199	0.00805384169305246	0.763404334869998
79 0.0830384508431038	0.0830384508431038	0.750884647470689	0.0830384508431038
80 0.750884647470689	0.0830384508431038	0.0830384508431038	0.0830384508431038
81 0.0830384508431039	0.0830384508431039	0.750884647470689	0.0830384508431039
82 0.750884647470689	0.0830384508431039	0.0830384508431039	0.0830384508431039
83 0.750884647470689	0.0830384508431038	0.0830384508431038	0.0830384508431038
84 0.00233165819027963	0.00336642391007781	0.991610606424658	0.00269131147498543
85 0.00338875959167013	0.0117015183438946	0.980618570589176	0.00429115147526011
86 0.0830384508431038	0.0830384508431038	0.750884647470689	0.0830384508431038
87 0.750884647470689	0.0830384508431038	0.0830384508431038	0.0830384508431038
88 0.0830384508431038	0.0830384508431038	0.750884647470689	0.0830384508431038
89 0.750884647470689	0.0830384508431039	0.0830384508431039	0.0830384508431039
90 0.00250829706741151	0.975477105853455	0.013447018600289	0.00856757847884517
91 0.00225334869269311	0.979669751274903	0.00376604086889704	0.0143108591635074
92 0.0830384508431038	0.0830384508431038	0.75088464747069	0.0830384508431038
93 0.0830384508431038	0.750884647470689	0.0830384508431038	0.0830384508431038
94 0.0830384508431038	0.0830384508431038	0.0830384508431038	0.750884647470689
95 0.0830384508431039	0.750884647470689	0.0830384508431039	0.0830384508431039
96 0.0830384508431039	0.0830384508431039	0.750884647470689	0.0830384508431039
97 0.0478175445686475	0.00725634255383163	0.938858554914037	0.00606755796348404
98 0.00393887818823551	0.015792203943909	0.975789036091429	0.00447988177642751
99 0.75088464747069	0.0830384508431038	0.0830384508431038	0.0830384508431038
100 0.860925498382629	0.0404598042194555	0.0556411931830814	0.0429735042148347
101 0.0830384508431038	0.0830384508431038	0.0830384508431038	0.750884647470689
102 0.750884647470689	0.0830384508431038	0.0830384508431038	0.0830384508431038
103 0.00258225835702982	0.973212929208698	0.0137786175521984	0.0104261948820742
104 0.00230839843301785	0.979728552419707	0.00389726269760483	0.014065786449671
105 0.0830384508431039	0.0830384508431039	0.750884647470689	0.0830384508431039
106 0.00249874525262667	0.0070794876302973	0.987042880833328	0.00337888628374877
107 0.198389241050083	0.26967644661317	0.357020106270512	0.174914206066235
108 0.00990749584673458	0.0425396204672459	0.027590792334299	0.919962091351721
109 0.15753389242036	0.0650066540833879	0.753838604008565	0.0236208494876864
110 0.00067372328580699	0.986232805102484	0.010388368712772	0.00270510289893706
111 0.00141739776624573	0.979980172480185	0.0104932834466317	0.00810914630693763
112 0.00145061833031048	0.0248512256984981	0.971736959205573	0.00196119676561826
113 0.0117272984317304	0.71506200058418	0.179505018035201	0.0937056829488884
114 0.0734505430341456	0.142659123669714	0.769254254078135	0.0146360792180051
115 0.735738050118796	0.117235215793839	0.138372630259449	0.00865410382791675
116 0.00574174107910807	0.120796224620349	0.113607079515021	0.759854954785522
117 0.00284108415733188	0.972434579510017	0.00797742867123186	0.0167469076614195
118 0.0830384508431038	0.750884647470689	0.0830384508431038	0.0830384508431038
