0 0.0189636692366238	0.0132529766660528	0.953144736461379	0.0146386176359448
1 0.930161452308306	0.0164651321381124	0.0373369430791736	0.0160364724744083
2 0.0139784795789717	0.0194086914514634	0.0151778813888982	0.951434947580667
3 0.0468305547790031	0.443714811240063	0.0483708028986142	0.46108383108232
4 0.525727660520837	0.043425589477253	0.382734983374406	0.0481117666275044
5 0.00944136988432615	0.965340843863349	0.0104677627325019	0.0147500235198236
6 0.0674921783420778	0.00894594887671798	0.912995827202396	0.0105660455788084
7 0.018334618881951	0.0122539899580316	0.956369736399699	0.0130416547603182
8 0.0248345355748681	0.675185558922126	0.0286469190349527	0.271332986468053
9 0.0940520688571714	0.717843793428485	0.0940520688571714	0.0940520688571714
10 0.717843793428486	0.0940520688571714	0.0940520688571714	0.0940520688571714
11 0.0940520688571714	0.0940520688571714	0.0940520688571714	0.717843793428486
12 0.717843793428486	0.0940520688571714	0.0940520688571714	0.0940520688571714
13 0.012255572645122	0.0223420565331985	0.0143218143768427	0.951080556444837
14 0.0115519946308626	0.958634048768105	0.0117530124604945	0.0180609441405376
15 0.0940520688571715	0.717843793428486	0.0940520688571715	0.0940520688571715
16 0.945587502943237	0.0175855200922177	0.0205984158419543	0.0162285611225913
17 0.0157213065120221	0.948405344052088	0.0174080085149705	0.0184653409209202
18 0.0169940352612265	0.0158317396569123	0.951052862873164	0.0161213622086966
19 0.0186010119083533	0.0168218839624516	0.945545162087165	0.0190319420420293
20 0.486934721601822	0.040280921386048	0.431812245196413	0.0409721118157165
21 0.717843793428485	0.0940520688571714	0.0940520688571714	0.0940520688571714
22 0.717843793428486	0.0940520688571714	0.0940520688571714	0.0940520688571714
23 0.717843793428486	0.0940520688571714	0.0940520688571714	0.0940520688571714
24 0.136819589556962	0.0126902150865672	0.837821412075971	0.0126687832805002
25 0.0107635801945795	0.956062270279257	0.0110337258180303	0.0221404237081339
26 0.0940520688571713	0.717843793428486	0.0940520688571713	0.0940520688571713
27 0.0940520688571714	0.717843793428486	0.0940520688571714	0.0940520688571714
28 0.010050441808081	0.962940844063005	0.0109512017795267	0.0160575123493884
29 0.0157927446546074	0.0136145784556167	0.957630642330017	0.0129620345597586
30 0.0143865837003438	0.0129803652528315	0.960304612667048	0.0123284383797766
31 0.962531019214701	0.0104555531658992	0.0155379205288142	0.0114755070905862
32 0.350285120358142	0.063114681614631	0.0445864243196683	0.542013773707559
33 0.00931104234833821	0.965715436133371	0.0102726821496579	0.0147008393686329
34 0.0940520688571715	0.0940520688571715	0.0940520688571715	0.717843793428486
35 0.0940520688571714	0.717843793428486	0.0940520688571714	0.0940520688571714
36 0.0940520688571714	0.0940520688571714	0.717843793428486	0.0940520688571714
37 0.0940520688571715	0.0940520688571715	0.0940520688571715	0.717843793428486
38 0.0940520688571714	0.717843793428486	0.0940520688571714	0.0940520688571714
39 0.717843793428486	0.0940520688571715	0.0940520688571715	0.0940520688571715
40 0.0127954962712055	0.0101481930265724	0.967500913078176	0.00955539762404669
41 0.555290166910861	0.0500583961148746	0.0543733785536414	0.340278058420623
42 0.717843793428486	0.0940520688571715	0.0940520688571715	0.0940520688571715
43 0.0940520688571715	0.717843793428486	0.0940520688571715	0.0940520688571715
44 0.0110956370891343	0.0137433226694804	0.010540900418638	0.964620139822748
45 0.0118367625577239	0.958207778290005	0.0133102183338214	0.0166452408184499
46 0.0126440879345718	0.955757314817095	0.0137885505342956	0.0178100467140381
47 0.0138365792287302	0.0108150836733683	0.965005021657476	0.0103433154404255
48 0.0940520688571715	0.0940520688571715	0.0940520688571715	0.717843793428486
49 0.0940520688571714	0.0940520688571714	0.0940520688571714	0.717843793428486
50 0.0170693541854306	0.0108637667095945	0.960908121392996	0.0111587577119792
51 0.0127287161073602	0.119810619203038	0.0114058126069917	0.85605485208261
52 0.0940520688571715	0.0940520688571715	0.0940520688571715	0.717843793428486
53 0.717843793428486	0.0940520688571714	0.0940520688571714	0.0940520688571714
54 0.717843793428486	0.0940520688571714	0.0940520688571714	0.0940520688571714
55 0.0940520688571714	0.0940520688571714	0.717843793428485	0.0940520688571714
56 0.0380109305872545	0.575359760332879	0.0423555905005618	0.344273718579305
57 0.0181847982608228	0.943502257520775	0.0173768949902046	0.0209360492281977
58 0.0156297694295484	0.948496799798143	0.0160920079138305	0.0197814228584784
59 0.0163049023503178	0.017099509875244	0.950323695695253	0.0162718920791853
60 0.0154205461159863	0.0181814279197704	0.0177313494382944	0.948666676525949
61 0.0940520688571715	0.0940520688571715	0.0940520688571715	0.717843793428486
62 0.0940520688571714	0.717843793428486	0.0940520688571714	0.0940520688571714
63 0.0159820492721261	0.0116081839301237	0.960557846424046	0.0118519203737051
64 0.948274972278512	0.0141882038641762	0.0248219083328546	0.0127149155244573
65 0.355606932760836	0.00242886291027069	0.639643148980079	0.0023210553488137
66 0.362458950561954	0.081996130940577	0.0652610621848833	0.490283856312586
67 0.0138446465954741	0.949233488947107	0.0146315097365	0.022290354720919
68 0.0940520688571713	0.0940520688571713	0.0940520688571713	0.717843793428485
69 0.0150664688048751	0.013367821308895	0.959187953601292	0.012377756284938
70 0.0265354424405376	0.0116769032368975	0.949653894369438	0.0121337599531271
71 0.0940520688571713	0.0940520688571713	0.717843793428486	0.0940520688571713
72 0.0940520688571714	0.0940520688571714	0.0940520688571714	0.717843793428486
73 0.717843793428485	0.0940520688571714	0.0940520688571714	0.0940520688571714
74 0.0940520688571714	0.0940520688571714	0.717843793428485	0.0940520688571714
75 0.00946300517162624	0.0134038196085197	0.00934799207810578	0.967785183141748
76 0.717843793428485	0.0940520688571713	0.0940520688571713	0.0940520688571713
77 0.00993595268648191	0.963700193509568	0.0107135785146395	0.0156502752893101
78 0.00108270226097345	0.0146390886255466	0.000883051684461113	0.983395157429019
79 0.0940520688571713	0.0940520688571713	0.717843793428486	0.0940520688571713
80 0.717843793428485	0.0940520688571714	0.0940520688571714	0.0940520688571714
81 0.0940520688571713	0.0940520688571713	0.717843793428485	0.0940520688571713
82 0.717843793428485	0.0940520688571714	0.0940520688571714	0.0940520688571714
83 0.717843793428485	0.0940520688571714	0.0940520688571714	0.0940520688571714
84 0.0147676686782592	0.0114626826010692	0.962520217082981	0.0112494316376905
85 0.0144156127701324	0.0107238306202803	0.964517937333527	0.0103426192760597
86 0.0940520688571714	0.0940520688571714	0.717843793428485	0.0940520688571714
87 0.717843793428485	0.0940520688571714	0.0940520688571714	0.0940520688571714
88 0.0940520688571714	0.0940520688571714	0.717843793428485	0.0940520688571714
89 0.717843793428485	0.0940520688571714	0.0940520688571714	0.0940520688571714
90 0.0100834995350313	0.962644478003943	0.0108567623016587	0.0164152601593663
91 0.0109580341787648	0.960169779388678	0.0116058276699052	0.0172663587626519
92 0.0940520688571713	0.0940520688571713	0.717843793428485	0.0940520688571713
93 0.0940520688571714	0.717843793428485	0.0940520688571714	0.0940520688571714
94 0.0940520688571714	0.0940520688571714	0.0940520688571714	0.717843793428486
95 0.0940520688571713	0.717843793428485	0.0940520688571713	0.0940520688571713
96 0.0940520688571714	0.0940520688571714	0.717843793428485	0.0940520688571714
97 0.0150805909549107	0.00104217127804414	0.980621094996546	0.00325614277049907
98 0.0134342918581066	0.0105554913575488	0.965789496932536	0.0102207198518087
99 0.717843793428485	0.0940520688571714	0.0940520688571714	0.0940520688571714
100 0.965424485374922	0.00928056721817074	0.0152984719177158	0.00999647548919078
101 0.0940520688571714	0.0940520688571714	0.0940520688571714	0.717843793428486
102 0.717843793428485	0.0940520688571714	0.0940520688571714	0.0940520688571714
103 0.0116353843478479	0.945846678420218	0.011796362667198	0.0307215745647356
104 0.0120636836162752	0.957021844771817	0.013536694311592	0.0173777773003158
105 0.0940520688571715	0.0940520688571715	0.717843793428486	0.0940520688571715
106 0.0183118612638851	0.0143795677610141	0.952954287432969	0.0143542835421318
107 0.452029615084555	0.0554575915612313	0.103740028155186	0.388772765199028
108 0.00293042335719727	0.179501644144973	0.00256094764193572	0.815006984855893
109 0.623861892766463	0.0267070347464264	0.320789720562553	0.028641351924558
110 0.0126379781364357	0.952656740183262	0.0124063099900197	0.022298971690283
111 0.00958116747605771	0.819325678478593	0.0090248319964384	0.162068322048911
112 0.0128459824909776	0.0103406596985545	0.96712485752543	0.00968850028503849
113 0.0459213936777937	0.453922238059641	0.0452907673728118	0.454865600889754
114 0.526710100215976	0.0461482187725358	0.377511285115262	0.0496303958962272
115 0.947135903137922	0.0150536719399175	0.0230575929633006	0.0147528319588606
116 0.0150761123824126	0.0263897319698156	0.0166689864789786	0.941865169168794
117 0.0136222334576348	0.950377009345982	0.0137045121128728	0.0222962450835101
118 0.0940520688571714	0.717843793428486	0.0940520688571714	0.0940520688571714
