0 0.0014047353555695	0.0899705785134323	0.000708078879580763	0.907916607251417
1 0.998255045306292	0.000149280230579537	0.0014807572381322	0.000114917224995857
2 0.999369870505284	0.000122938110519828	0.000391943960699748	0.000115247423496015
3 4.78074169744852e-5	0.000222070270923643	7.60976489060556e-5	0.999654024663196
4 0.000299953437292331	4.7422323991782e-5	0.999557366249647	9.52579890679843e-5
5 6.23952813963551e-5	0.999582187509471	3.53636619409423e-5	0.000320053547191952
6 0.00511056927998001	4.19392499534092e-5	0.994615302239116	0.000232189230950429
7 7.65591701791872e-5	0.000257269549733433	0.000126421484748595	0.999539749795339
8 0.000289373121925715	0.0276704388916402	0.00010918126130394	0.97193100672513
9 0.00897138858580919	0.973085834242572	0.00897138858580919	0.00897138858580919
10 0.973085834242572	0.00897138858580919	0.00897138858580919	0.00897138858580919
11 0.00897138858580918	0.00897138858580918	0.00897138858580918	0.973085834242572
12 0.973085834242573	0.00897138858580919	0.00897138858580919	0.00897138858580919
13 6.39470579448933e-5	0.999564007772195	3.62326572125305e-5	0.000335812512647851
14 4.95977746688042e-5	0.00024719667608944	8.12102912551986e-5	0.999621995257987
15 0.973085834242572	0.00897138858580919	0.00897138858580919	0.00897138858580919
16 0.00184932591110763	0.77241255767593	0.00269043003652725	0.223047686376435
17 0.00212614664459186	0.771206329336712	0.00342406198804234	0.223243462030654
18 0.00188365080975129	0.176952119015259	0.00118803050088565	0.819976199674104
19 0.0167321745444183	0.520476703139701	0.454766141963811	0.00802498035207034
20 0.000548840880572348	4.28636692340506e-5	0.999314656670914	9.3638779280147e-5
21 0.00897138858580919	0.00897138858580919	0.00897138858580919	0.973085834242572
22 0.973085834242573	0.00897138858580919	0.00897138858580919	0.00897138858580919
23 0.973085834242573	0.00897138858580919	0.00897138858580919	0.00897138858580919
24 0.0123784090255688	0.000203025301414121	0.987278789067445	0.000139776605571449
25 0.000117292482186397	0.999026894274986	3.7730532712779e-5	0.000818082710114688
26 0.973085834242572	0.00897138858580919	0.00897138858580919	0.00897138858580919
27 0.00897138858580918	0.973085834242572	0.00897138858580918	0.00897138858580918
28 7.0569194080658e-5	0.999499326993461	3.70984191632345e-5	0.000393005393294519
29 9.44935195216379e-5	0.999496462975776	6.08775493958277e-5	0.00034816595530659
30 0.000218580978722607	4.60565815418899e-5	0.999645054391763	9.03080479718724e-5
31 0.99953576280273	6.50549460310024e-5	0.000339580034759893	5.96022164789994e-5
32 4.01118434435868e-5	0.0002583683839528	6.29382904301302e-5	0.999638581482173
33 6.16654865146573e-5	0.999583868188701	3.46940286520233e-5	0.00031977229613182
34 0.00897138858580919	0.973085834242572	0.00897138858580919	0.00897138858580919
35 0.00897138858580919	0.973085834242572	0.00897138858580919	0.00897138858580919
36 0.973085834242572	0.00897138858580919	0.00897138858580919	0.00897138858580919
37 0.00897138858580919	0.00897138858580919	0.00897138858580919	0.973085834242572
38 0.973085834242572	0.00897138858580919	0.00897138858580919	0.00897138858580919
39 0.973085834242572	0.00897138858580919	0.00897138858580919	0.00897138858580919
40 0.000182099594645395	3.54504359408499e-5	0.999714635856871	6.78141125425414e-5
41 0.999445465135563	7.28772538463161e-5	0.000410225452743939	7.14321578460607e-5
42 0.973085834242572	0.00897138858580918	0.00897138858580918	0.00897138858580918
43 0.00897138858580918	0.973085834242572	0.00897138858580918	0.00897138858580918
44 4.35913326575425e-5	0.000206672014801393	6.04891513747762e-5	0.999689247501166
45 8.25423108504186e-5	0.99949033000783	4.52542154877223e-5	0.000381873465831261
46 0.000208239826233211	6.17336965452416e-5	0.99962839903121	0.000101627446011241
47 0.000232370077995497	3.83293329988929e-5	0.999651003415334	7.829717367157e-5
48 0.973085834242572	0.00897138858580919	0.00897138858580919	0.00897138858580919
49 0.973085834242572	0.00897138858580919	0.00897138858580919	0.00897138858580919
50 0.000445449271993301	4.08308471697265e-5	0.999386452916291	0.000127266964546069
51 0.000184174950144033	0.0107599639812669	4.94751144607399e-5	0.989006385954128
52 0.00897138858580919	0.00897138858580919	0.00897138858580919	0.973085834242573
53 0.973085834242573	0.00897138858580919	0.00897138858580919	0.00897138858580919
54 0.973085834242573	0.00897138858580919	0.00897138858580919	0.00897138858580919
55 0.00897138858580919	0.00897138858580919	0.973085834242573	0.00897138858580919
56 7.56970734778004e-5	0.999118892323651	3.79784820716155e-5	0.000767432120799262
57 0.0251706853119564	0.485706123381051	0.481320908158441	0.00780228314855175
58 0.168236203431747	0.00216032364981516	0.827820289558195	0.00178318336024232
59 0.742076384522433	0.00210981924863106	0.252388140748533	0.00342565548040265
60 0.749776408079954	0.00171405312449801	0.245563159918603	0.00294637887694502
61 0.00897138858580919	0.00897138858580919	0.00897138858580919	0.973085834242573
62 0.00897138858580919	0.00897138858580919	0.00897138858580919	0.973085834242573
63 0.999429671808669	8.57904604835137e-5	0.000414891386747911	6.96463440993481e-5
64 0.000193378107990603	3.70704865237876e-5	0.999698906256477	7.06451490089611e-5
65 0.000359282480602706	7.26706604881454e-6	0.999630073408508	3.37704484111493e-6
66 6.66306016837187e-5	0.999462646275557	3.55918542958895e-5	0.00043513126846338
67 9.41376709404825e-5	0.999213514339371	5.02078262929946e-5	0.000642140163396096
68 0.00897138858580919	0.00897138858580919	0.973085834242573	0.00897138858580919
69 0.000224417129961039	4.69295170770368e-5	0.99964368302769	8.49703252726137e-5
70 0.000104056685449131	0.000293839233590204	0.00016744112682758	0.999434662954134
71 0.973085834242573	0.00897138858580919	0.00897138858580919	0.00897138858580919
72 0.00897138858580919	0.00897138858580919	0.00897138858580919	0.973085834242573
73 0.00897138858580919	0.00897138858580919	0.973085834242573	0.00897138858580919
74 0.00897138858580919	0.00897138858580919	0.973085834242573	0.00897138858580919
75 3.65284206519069e-5	0.000226609066712379	5.44433726728879e-5	0.999682419139964
76 0.973085834242573	0.00897138858580918	0.00897138858580918	0.00897138858580918
77 8.16526887785243e-5	0.999506097303811	3.62707377149494e-5	0.000375979269696007
78 0.00208039462165816	0.0698327639458436	0.0510240315417841	0.877062809890715
79 0.00897138858580918	0.00897138858580918	0.00897138858580918	0.973085834242574
80 0.973085834242573	0.00897138858580918	0.00897138858580918	0.00897138858580918
81 0.00897138858580919	0.00897138858580919	0.973085834242574	0.00897138858580919
82 0.00897138858580919	0.00897138858580919	0.00897138858580919	0.973085834242573
83 0.00897138858580919	0.00897138858580919	0.00897138858580919	0.973085834242574
84 0.0167893401145853	0.426103403230628	0.550884071673368	0.00622318498141882
85 0.999404983120998	8.95919585226151e-5	0.00044262310807447	6.28018124054667e-5
86 0.00897138858580918	0.00897138858580918	0.973085834242574	0.00897138858580918
87 0.00897138858580918	0.00897138858580918	0.00897138858580918	0.973085834242573
88 0.00897138858580918	0.00897138858580918	0.973085834242573	0.00897138858580918
89 0.973085834242573	0.00897138858580918	0.00897138858580918	0.00897138858580918
90 5.04166281983171e-5	0.000261533843067825	8.56377759867698e-5	0.999602411752748
91 0.0107604167920048	0.572852527029189	0.409814341178908	0.00657271499989883
92 0.973085834242573	0.00897138858580919	0.00897138858580919	0.00897138858580919
93 0.00897138858580919	0.00897138858580919	0.00897138858580919	0.973085834242574
94 0.00897138858580919	0.00897138858580919	0.00897138858580919	0.973085834242573
95 0.00897138858580919	0.973085834242574	0.00897138858580919	0.00897138858580919
96 0.00897138858580919	0.00897138858580919	0.973085834242573	0.00897138858580919
97 0.00467471789962222	0.0472691515379906	0.945093926437219	0.00296220412516915
98 0.000215265336782148	3.7511225878218e-5	0.999659501546131	8.77218912095719e-5
99 0.973085834242573	0.00897138858580918	0.00897138858580918	0.00897138858580918
100 0.999509397405402	5.86398318321324e-5	0.000366708185423327	6.52545773437559e-5
101 0.00897138858580919	0.00897138858580919	0.00897138858580919	0.973085834242574
102 0.00897138858580919	0.973085834242574	0.00897138858580919	0.00897138858580919
103 0.999217889195964	0.000195278983532232	0.00045247403715089	0.00013435778335349
104 7.70832177126464e-5	0.999483677765007	4.60665764149764e-5	0.00039317244086605
105 0.00897138858580919	0.973085834242573	0.00897138858580919	0.00897138858580919
106 0.000350046048792135	5.19326081034695e-5	0.999490844158942	0.000107177184162937
107 0.000237843078122973	3.66617198652705e-5	0.999650507949146	7.49872528665683e-5
108 1.03583367204969e-5	0.000345818371075844	1.32098128196397e-6	0.999642502310922
109 0.0229470455023503	0.000286002506588773	0.976288963611375	0.000477988379685656
110 0.999344248355835	0.000140909976748777	0.000410276630806814	0.000104565036609335
111 0.000149356546571696	0.986139355471848	3.74254722744351e-5	0.0136738625093057
112 0.000182437231054493	3.61193838911318e-5	0.999712893415579	6.85499694751841e-5
113 8.41038101730796e-5	0.999370071082693	4.60022492047801e-5	0.000499822857929461
114 0.999476574773223	8.37696413765233e-5	0.00037047384685154	6.91817385485097e-5
115 6.90117122968199e-5	0.000241881028701152	0.000110394646180464	0.999578712612822
116 7.61781334906742e-5	0.000771352257474336	0.000134388255887054	0.999018081353148
117 0.0874198190216902	0.00172157118394641	0.909222347877837	0.00163626191652619
118 0.00897138858580919	0.973085834242572	0.00897138858580919	0.00897138858580919
