0 0.999277911448065	5.12273104521526e-5	0.00062046441505094	5.03968264321255e-5
1 0.0077766036261412	4.54835951872467e-5	0.992155618562767	2.22942159040312e-5
2 0.000474961573796918	0.00296388293136583	0.83809045403615	0.158470701458687
3 2.8552268629819e-6	1.57269182507478e-5	1.47174982431532e-5	0.999966700356643
4 0.999460724086377	1.39957079109008e-5	0.000522453409294704	2.82679641696291e-6
5 1.07516207866534e-6	0.999936619698114	2.18137502901747e-6	6.0123764777798e-5
6 0.00376594140975972	1.25288390386024e-5	0.996217185256624	4.34449457698106e-6
7 1.00623573007078e-6	3.00043980119947e-6	0.999995204077329	7.89247138668907e-7
8 4.98806219269783e-6	0.999240186859276	2.06816652276312e-6	0.000752756912007331
9 0.00254448427023661	0.992366547189289	0.00254448427023661	0.00254448427023661
10 0.99236654718929	0.00254448427023661	0.00254448427023661	0.00254448427023661
11 0.00254448427023661	0.992366547189289	0.00254448427023661	0.00254448427023661
12 0.99236654718929	0.00254448427023661	0.00254448427023661	0.00254448427023661
13 1.55729518667965e-5	6.97732175289038e-5	3.50893762121436e-5	0.999879564454391
14 0.00325060737380009	0.613440415555644	0.381310880693699	0.0019980963768559
15 0.992366547189289	0.00254448427023661	0.00254448427023661	0.00254448427023661
16 5.7895326845751e-6	2.32310217834694e-5	1.39821670714254e-5	0.99995699727846
17 1.16147506875925e-6	0.999900458910186	4.60222619920082e-6	9.37773885455727e-5
18 1.65684724335328e-6	5.13837791539968e-6	0.999991966151709	1.23862313194816e-6
19 3.14686073598379e-6	9.9744393071653e-6	1.67383612009175e-5	0.999970140338755
20 3.36978919653752e-5	6.20950515846316e-6	0.999948072533245	1.20200696306913e-5
21 0.992366547189289	0.00254448427023661	0.00254448427023661	0.00254448427023661
22 0.99236654718929	0.00254448427023661	0.00254448427023661	0.00254448427023661
23 0.00254448427023661	0.00254448427023661	0.00254448427023661	0.99236654718929
24 0.997433253984382	2.36324989813933e-5	0.00252579267696831	1.73208396682499e-5
25 0.00263938826693901	0.506526376336455	0.416210623662255	0.0746236117343503
26 0.00254448427023661	0.00254448427023661	0.99236654718929	0.00254448427023661
27 0.00254448427023661	0.99236654718929	0.00254448427023661	0.00254448427023661
28 9.05834414491444e-6	0.99984953854656	2.69607316044388e-6	0.000138707036134114
29 0.13022027338495	0.844214114619989	0.00143705713355473	0.0241285548615056
30 0.999582133004732	1.93854665917487e-5	0.00038709119665521	1.13903320204365e-5
31 0.617445523937921	0.00750081551187687	0.0042182837232768	0.370835376826925
32 0.281107300370091	0.00249551710451922	0.0768590535774649	0.639538128947924
33 7.21504846995811e-5	0.999620096090859	2.80150397354607e-6	0.000304951920467162
34 0.00254448427023661	0.99236654718929	0.00254448427023661	0.00254448427023661
35 0.00254448427023661	0.99236654718929	0.00254448427023661	0.00254448427023661
36 0.00254448427023661	0.00254448427023661	0.99236654718929	0.00254448427023661
37 0.00254448427023661	0.00254448427023661	0.00254448427023661	0.99236654718929
38 0.00254448427023661	0.99236654718929	0.00254448427023661	0.00254448427023661
39 0.00254448427023661	0.99236654718929	0.00254448427023661	0.00254448427023661
40 0.000152521671357419	1.62090671543219e-5	0.999753046530207	7.82227312808697e-5
41 0.414540780678671	0.00245604681531894	0.0416859389596585	0.541317233546351
42 0.00254448427023661	0.99236654718929	0.00254448427023661	0.00254448427023661
43 0.00254448427023661	0.99236654718929	0.00254448427023661	0.00254448427023661
44 0.614213099302731	0.0085222041628013	0.00427727420920523	0.372987422325262
45 7.21935397667922e-6	2.53551009911996e-5	1.91158084685098e-5	0.999948309736563
46 0.000426243935044781	0.00152293362680803	0.877340202403046	0.120710620035101
47 1.94718389662571e-5	4.19364401478414e-6	0.999966360478048	9.97403897079042e-6
48 0.00254448427023661	0.99236654718929	0.00254448427023661	0.00254448427023661
49 0.99236654718929	0.00254448427023661	0.00254448427023661	0.00254448427023661
50 0.00274215968954082	0.387881497849993	0.584929073442427	0.0244472690180393
51 1.56965506931067e-5	0.000120470504975447	2.2066509988229e-5	0.999841766434343
52 0.00254448427023661	0.99236654718929	0.00254448427023661	0.00254448427023661
53 0.992366547189289	0.00254448427023661	0.00254448427023661	0.00254448427023661
54 0.00254448427023661	0.00254448427023661	0.992366547189289	0.00254448427023661
55 0.992366547189289	0.00254448427023661	0.00254448427023661	0.00254448427023661
56 1.00275119463901e-5	0.999690616382448	3.12402554529975e-6	0.000296232080059876
57 0.99945393849602	1.64842867826894e-5	0.000525830787550258	3.74642964648799e-6
58 1.08079694666551e-6	0.999863781991442	5.16641567166974e-6	0.00012997079593919
59 1.26624873654697e-6	4.53340665986671e-6	0.999992847603288	1.35274131504117e-6
60 0.999705945867287	1.42311774959217e-5	0.000269201410730894	1.06215444858242e-5
61 0.00254448427023661	0.00254448427023661	0.00254448427023661	0.992366547189289
62 0.00254448427023661	0.992366547189289	0.00254448427023661	0.00254448427023661
63 0.00362123138832444	0.434037107519235	0.560235511166118	0.0021061499263209
64 0.999628099486366	3.63479930607421e-5	0.000309040366236315	2.65121543365086e-5
65 0.000389059023940281	3.32676964635072e-6	0.999605733333531	1.88087288085469e-6
66 6.7268050473289e-7	0.999990001266853	1.71424949140472e-6	7.6118031492683e-6
67 7.26398175960853e-6	3.27664476072844e-5	1.3953314559091e-5	0.999946016256072
68 0.00254448427023661	0.00254448427023661	0.00254448427023661	0.992366547189288
69 9.47730175260889e-6	0.999778114219012	6.31081784185011e-6	0.000206097661391475
70 3.80831846118638e-5	7.13364974456609e-6	0.999942551054666	1.22321109760613e-5
71 0.00254448427023661	0.00254448427023661	0.00254448427023661	0.992366547189288
72 0.00254448427023661	0.992366547189288	0.00254448427023661	0.00254448427023661
73 0.992366547189289	0.00254448427023661	0.00254448427023661	0.00254448427023661
74 0.00254448427023661	0.00254448427023661	0.992366547189288	0.00254448427023661
75 6.07539482479744e-5	0.000370655070462088	0.000133083825064368	0.999435507156224
76 0.00254448427023661	0.00254448427023661	0.00254448427023661	0.992366547189288
77 1.13783991644948e-5	0.999850076748546	3.089121432758e-6	0.000135455730855125
78 6.54521904314259e-6	0.00186879429434648	9.41996727597612e-7	0.998123718489881
79 0.992366547189289	0.00254448427023661	0.00254448427023661	0.00254448427023661
80 0.00254448427023661	0.00254448427023661	0.00254448427023661	0.992366547189289
81 0.00254448427023661	0.00254448427023661	0.992366547189289	0.00254448427023661
82 0.00254448427023661	0.00254448427023661	0.992366547189289	0.00254448427023661
83 0.00254448427023661	0.00254448427023661	0.00254448427023661	0.992366547189289
84 1.71527067798285e-5	3.14553548025101e-6	0.999971185345044	8.51641269497503e-6
85 0.99972283762258	1.30005550479622e-5	0.000256520003365492	7.64181900526892e-6
86 0.00254448427023661	0.992366547189289	0.00254448427023661	0.00254448427023661
87 0.992366547189289	0.00254448427023661	0.00254448427023661	0.00254448427023661
88 0.00254448427023661	0.00254448427023661	0.992366547189289	0.00254448427023661
89 0.992366547189289	0.00254448427023661	0.00254448427023661	0.00254448427023661
90 5.47313705592045e-6	2.19146815699216e-5	1.30555182501609e-5	0.999959556663123
91 7.7083926585106e-6	0.999772177267766	1.93067281855952e-6	0.000218183666755232
92 0.992366547189289	0.00254448427023661	0.00254448427023661	0.00254448427023661
93 0.00254448427023661	0.992366547189289	0.00254448427023661	0.00254448427023661
94 0.992366547189289	0.00254448427023661	0.00254448427023661	0.00254448427023661
95 0.00254448427023661	0.00254448427023661	0.00254448427023661	0.992366547189289
96 0.00254448427023661	0.00254448427023661	0.992366547189289	0.00254448427023661
97 0.000723811540984209	6.03821363945505e-6	0.999250693448204	1.94567971709396e-5
98 2.03849949700156e-5	4.95279344364249e-6	0.999962741694683	1.19205169012885e-5
99 0.992366547189289	0.00254448427023661	0.00254448427023661	0.00254448427023661
100 0.999211147787765	0.000145129573851491	0.000487742045099146	0.000155980593282765
101 0.00254448427023661	0.00254448427023661	0.992366547189288	0.00254448427023661
102 0.992366547189289	0.00254448427023661	0.00254448427023661	0.00254448427023661
103 1.04370334857097e-5	0.999548170300539	5.15279087867312e-6	0.000436239875094589
104 1.61156131914505e-5	7.34982222633577e-6	0.99996617468133	1.03598832499665e-5
105 0.992366547189289	0.00254448427023661	0.00254448427023661	0.00254448427023661
106 0.999297638160793	1.44508655399267e-5	0.000675674879377221	1.22360942886245e-5
107 1.14196193887793e-6	1.74060628206388e-6	0.999996367672992	7.49758785106184e-7
108 3.5065851653766e-6	0.00100951161748575	8.40230871108685e-7	0.998986141566476
109 2.01014833691769e-5	3.26156233568894e-6	0.999970580116196	6.05683809853272e-6
110 7.58469627907752e-7	0.999904966115181	2.96402304424432e-6	9.13113921460664e-5
111 4.51729944271577e-6	0.0132938683464667	1.17451627353491e-5	0.986689869191355
112 2.17122117861761e-6	2.26977507102224e-6	0.999994375619009	1.18338474115012e-6
113 2.30885130629877e-6	1.39925514332348e-5	1.41678819396685e-5	0.999969530715321
114 0.999494660219666	1.4619103099019e-5	0.000486710398356647	4.01027887867338e-6
115 0.179819769943579	0.795954171143474	0.00258440695969772	0.0216416519532495
116 2.20526665771453e-5	0.0530871682425898	3.36939537168872e-5	0.946857085137116
117 2.29983504914881e-5	9.75264090945498e-5	4.51252080577967e-5	0.999834350032356
118 0.00254448427023661	0.00254448427023661	0.00254448427023661	0.99236654718929
