0 0.00677306406407812	0.337533419483259	0.0626809756525301	0.593012540800132
1 0.699551565120229	0.142947724256669	0.147118274133257	0.0103824364898446
2 0.588498268702693	0.174076689608074	0.228175911899495	0.00924912978973751
3 0.00546196671759276	0.0642727086818537	0.196002078015062	0.734263246585492
4 0.000336546366545418	0.0113443914897314	0.98793256497222	0.00038649717150345
5 0.000947230830581723	0.96566289077411	0.0286652757457566	0.00472460264955194
6 0.000772727517223708	0.0246456254084998	0.973612038886894	0.000969608187382023
7 0.00770216141038768	0.150297453543582	0.204528977883087	0.637471407162944
8 0.00578241202983178	0.33086624665641	0.0209378449808749	0.642413496332883
9 0.0736475190835708	0.779057442749287	0.0736475190835708	0.0736475190835708
10 0.779057442749288	0.0736475190835708	0.0736475190835708	0.0736475190835708
11 0.0736475190835708	0.0736475190835708	0.0736475190835708	0.779057442749287
12 0.779057442749288	0.0736475190835708	0.0736475190835708	0.0736475190835708
13 0.0021125362044615	0.975581858356898	0.0129250398043078	0.00938056563433324
14 0.00762105642785668	0.0501651865576606	0.014702934110734	0.927510822903749
15 0.779057442749288	0.0736475190835708	0.0736475190835708	0.0736475190835708
16 0.0124915037470927	0.710552158906586	0.103088082354312	0.173868254992009
17 0.00282099197053806	0.919195274553948	0.045149918458709	0.0328338150168056
18 0.00394458923701388	0.758895461732887	0.0521862225704903	0.184973726459609
19 0.00404234263004743	0.440459371013725	0.550716070269043	0.00478221608718528
20 0.00324942622192957	0.0200676184833737	0.970410431126785	0.00627252416791214
21 0.0736475190835708	0.0736475190835708	0.0736475190835708	0.779057442749288
22 0.779057442749287	0.0736475190835708	0.0736475190835708	0.0736475190835708
23 0.779057442749288	0.0736475190835709	0.0736475190835709	0.0736475190835709
24 0.0396116206167971	0.020990911041605	0.933235856636525	0.006161611705073
25 0.00144482851138524	0.984717798073096	0.00547136344215146	0.00836600997336772
26 0.779057442749287	0.0736475190835708	0.0736475190835708	0.0736475190835708
27 0.0736475190835709	0.779057442749288	0.0736475190835709	0.0736475190835709
28 0.00142614822803478	0.979710965920416	0.0119182142979048	0.00694467155364508
29 0.000711096063770038	0.987467266546057	0.00853928650981428	0.00328235088035884
30 0.000466571947211782	0.0211760456519159	0.977021334357929	0.00133604804294359
31 0.895368922081291	0.0384592149120434	0.0517627364660852	0.0144091265405806
32 0.00575192065312415	0.0323909399137712	0.0471573153139364	0.914699824119168
33 0.00166737341376192	0.976050793307997	0.00600364452975246	0.0162781887484891
34 0.0736475190835708	0.779057442749288	0.0736475190835708	0.0736475190835708
35 0.0736475190835708	0.779057442749288	0.0736475190835708	0.0736475190835708
36 0.779057442749288	0.0736475190835708	0.0736475190835708	0.0736475190835708
37 0.0736475190835708	0.0736475190835708	0.0736475190835708	0.779057442749288
38 0.779057442749288	0.0736475190835708	0.0736475190835708	0.0736475190835708
39 0.779057442749288	0.0736475190835708	0.0736475190835708	0.0736475190835708
40 0.00103875803520714	0.00522797857033766	0.991290224021279	0.00244303937317672
41 0.895146877263659	0.038487807807007	0.0519438867692809	0.0144214281600535
42 0.779057442749288	0.0736475190835709	0.0736475190835709	0.0736475190835709
43 0.0736475190835709	0.779057442749288	0.0736475190835709	0.0736475190835709
44 0.00564933613538792	0.0321271483227027	0.047219005317236	0.915004510224674
45 0.000849539335668256	0.973991793815511	0.0216625543591912	0.00349611248962964
46 0.000706413011978958	0.00831179807935356	0.990043204414437	0.000938584494230758
47 0.00193976351000827	0.00970679681519761	0.984715873964053	0.00363756571074199
48 0.779057442749287	0.0736475190835708	0.0736475190835708	0.0736475190835708
49 0.779057442749287	0.0736475190835709	0.0736475190835709	0.0736475190835709
50 0.00148356728864692	0.00513866816024277	0.991600240757817	0.00177752379329393
51 0.00503674384781177	0.276128212744917	0.0221157788988662	0.696719264508406
52 0.0736475190835708	0.0736475190835708	0.0736475190835708	0.779057442749288
53 0.779057442749288	0.0736475190835708	0.0736475190835708	0.0736475190835708
54 0.779057442749288	0.0736475190835708	0.0736475190835708	0.0736475190835708
55 0.0736475190835708	0.0736475190835708	0.779057442749288	0.0736475190835708
56 0.00295822597999439	0.960080633162966	0.0233819166712914	0.0135792241857492
57 0.0036150614891657	0.549561672810895	0.441612636942953	0.00521062875698683
58 0.0447139269466619	0.05071483732926	0.899155261245834	0.00541597447824419
59 0.0320091323475818	0.0438567639804425	0.920019957223172	0.00411414644880456
60 0.174645825787867	0.0842941985829722	0.709774588110728	0.0312853875184328
61 0.0736475190835709	0.0736475190835709	0.0736475190835709	0.779057442749288
62 0.0736475190835709	0.0736475190835709	0.0736475190835709	0.779057442749289
63 0.847523975491371	0.0124392695769869	0.130152033970039	0.00988472096160384
64 0.00173285211636822	0.0105541067985424	0.983229571874863	0.00448346921022691
65 0.0389506713270051	0.0208142270101419	0.934185893023573	0.00604920863928071
66 0.000217509760223299	0.993050929877108	0.00603717330446857	0.000694387058201225
67 0.00120000746102401	0.982187788222252	0.00231235856558221	0.0142998457511428
68 0.0736475190835709	0.0736475190835709	0.779057442749287	0.0736475190835709
69 0.0016616423216046	0.0066534360832424	0.989791392815484	0.00189352877966983
70 0.00945413117291255	0.0468226197707105	0.0415116548198929	0.902211594236485
71 0.779057442749288	0.0736475190835709	0.0736475190835709	0.0736475190835709
72 0.0736475190835709	0.0736475190835709	0.0736475190835709	0.779057442749289
73 0.0736475190835709	0.0736475190835709	0.779057442749288	0.0736475190835709
74 0.0736475190835709	0.0736475190835709	0.779057442749288	0.0736475190835709
75 0.0736475190835709	0.0736475190835709	0.0736475190835709	0.779057442749289
76 0.779057442749288	0.0736475190835709	0.0736475190835709	0.0736475190835709
77 0.00262180873365084	0.970276814804478	0.0169242285490039	0.0101771479128685
78 0.00974611066671467	0.680789028367716	0.202307853578807	0.107157007386763
79 0.0736475190835708	0.0736475190835708	0.0736475190835708	0.779057442749289
80 0.779057442749288	0.0736475190835709	0.0736475190835709	0.0736475190835709
81 0.0736475190835709	0.0736475190835709	0.779057442749288	0.0736475190835709
82 0.0736475190835709	0.0736475190835709	0.0736475190835709	0.779057442749288
83 0.0736475190835709	0.0736475190835709	0.0736475190835709	0.779057442749288
84 0.00705908070026657	0.38041308168382	0.595936798405043	0.0165910392108716
85 0.891450548472881	0.044398739904282	0.0481170665392666	0.016033645083571
86 0.0736475190835709	0.0736475190835709	0.779057442749289	0.0736475190835709
87 0.0736475190835709	0.0736475190835709	0.0736475190835709	0.779057442749288
88 0.0736475190835709	0.0736475190835709	0.779057442749288	0.0736475190835709
89 0.779057442749288	0.0736475190835709	0.0736475190835709	0.0736475190835709
90 0.0080088163179112	0.0260820213477493	0.0524235686699419	0.913485593664399
91 0.0113268632524965	0.605211813541334	0.367247833289957	0.0162134899162131
92 0.779057442749289	0.0736475190835709	0.0736475190835709	0.0736475190835709
93 0.0736475190835709	0.0736475190835709	0.0736475190835709	0.779057442749289
94 0.0736475190835709	0.0736475190835709	0.0736475190835709	0.779057442749289
95 0.0736475190835709	0.779057442749289	0.0736475190835709	0.0736475190835709
96 0.0736475190835709	0.0736475190835709	0.779057442749289	0.0736475190835709
97 0.00965195338294079	0.165852127928917	0.783754391125077	0.0407415275630655
98 0.00300643876034717	0.0145422550724796	0.977447523956999	0.00500378221017518
99 0.779057442749288	0.0736475190835708	0.0736475190835708	0.0736475190835708
100 0.779057442749288	0.0736475190835709	0.0736475190835709	0.0736475190835709
101 0.0736475190835709	0.0736475190835709	0.0736475190835709	0.779057442749289
102 0.0736475190835709	0.779057442749288	0.0736475190835709	0.0736475190835709
103 0.784520133638314	0.0394003997253254	0.164514080368882	0.0115653862674801
104 0.00136330139879188	0.968809135293102	0.00718366346412035	0.0226438998439869
105 0.0736475190835708	0.779057442749288	0.0736475190835708	0.0736475190835708
106 0.0011973988769752	0.00194552360655952	0.99529023509642	0.0015668424200467
107 0.000306927747619232	0.00594287225401164	0.99343838918769	0.000311810810680228
108 0.00493579485160979	0.272740487434727	0.0219276407978129	0.700396076915851
109 0.0362870955989213	0.0184482212886838	0.936992647390372	0.00827203572202279
110 0.611343104412409	0.203682540485095	0.176425756294116	0.00854859880837899
111 0.000654802740749138	0.969508098383036	0.0249604308551327	0.00487666802108201
112 0.000690012675057606	0.0284438868364897	0.969697480748604	0.00116861973984866
113 0.000279056677016041	0.984870142612883	0.0114518319842188	0.00339896872588212
114 0.703236701308168	0.193572249140123	0.0952992539591776	0.00789179559253178
115 0.00528873946678324	0.186918312764371	0.178037079931029	0.629755867837817
116 0.0068908677115709	0.121411265028338	0.146439293034943	0.725258574225149
117 0.101326851246901	0.0536855289095455	0.829219109036491	0.0157685108070627
118 0.0736475190835708	0.779057442749288	0.0736475190835708	0.0736475190835708
