0 0.986887210550486	0.00172385909022569	0.0102222380009294	0.00116669235835924
1 0.295082228757981	0.0593704947551055	0.176543654274364	0.46900362221255
2 0.000110036149351731	0.998156531363157	0.00062088976291972	0.00111254272457189
3 0.426013902030172	0.0488181283141684	0.0417463347671771	0.483421634888482
4 0.0045476487590176	0.023552224460277	0.808878514725136	0.163021612055569
5 9.32572858603997e-5	0.998618910208301	0.000539087532888189	0.000748744972950604
6 0.209865307965295	0.622503422531166	0.162048516977782	0.00558275252575714
7 0.000153131131692842	0.000910341314826948	0.998750589742612	0.000185937810868176
8 0.000265726836844381	0.990844609569131	0.000495320412833671	0.00839434318119097
9 0.0261752872206386	0.921474138338084	0.0261752872206386	0.0261752872206386
10 0.921474138338084	0.0261752872206385	0.0261752872206385	0.0261752872206385
11 0.0261752872206385	0.0261752872206385	0.0261752872206385	0.921474138338084
12 0.921474138338084	0.0261752872206385	0.0261752872206385	0.0261752872206385
13 0.000281845374241547	0.996646705061356	0.00071893203820642	0.00235251752619612
14 0.993153833734034	0.00211278321936893	0.00378617885869133	0.000947204187905768
15 0.0261752872206386	0.0261752872206386	0.0261752872206386	0.921474138338083
16 0.44029795175792	0.033586040277806	0.035882347598284	0.490233660365989
17 0.000107805468419776	0.998523690079315	0.000638347454313796	0.000730156997950892
18 8.8879579297947e-5	0.998464180420488	0.000402953739201913	0.00104398626101167
19 0.991539450247828	0.00221008137378585	0.0054702814548449	0.000780186923541238
20 0.000572634794432763	0.000620624918451642	0.998386835581495	0.00041990470562035
21 0.921474138338084	0.0261752872206386	0.0261752872206386	0.0261752872206386
22 0.921474138338084	0.0261752872206386	0.0261752872206386	0.0261752872206386
23 0.921474138338083	0.0261752872206385	0.0261752872206385	0.0261752872206385
24 0.549877336138682	0.00807538166404626	0.435253448527741	0.00679383366953153
25 0.00523199996860959	0.137346227602164	0.00283813154751029	0.854583640881716
26 0.921474138338084	0.0261752872206385	0.0261752872206385	0.0261752872206385
27 0.0261752872206386	0.921474138338084	0.0261752872206386	0.0261752872206386
28 0.000361377669189923	0.996521417073285	0.00090177874520025	0.00221542651232478
29 0.00392971444133566	0.466654619934673	0.511505124725261	0.0179105408987304
30 0.000110379474739042	0.00070468215750616	0.999023073617538	0.000161864750217063
31 0.994577313443243	0.00122142752481706	0.0035816337670261	0.000619625264913197
32 0.000465786984846588	0.00130556046963394	0.00128856195068843	0.996940090594831
33 0.000270762662468247	0.997118299433332	0.000433028836790174	0.00217790906740983
34 0.0261752872206385	0.921474138338084	0.0261752872206385	0.0261752872206385
35 0.0261752872206385	0.921474138338084	0.0261752872206385	0.0261752872206385
36 0.0261752872206385	0.0261752872206385	0.921474138338084	0.0261752872206385
37 0.0261752872206386	0.0261752872206386	0.0261752872206386	0.921474138338084
38 0.0261752872206386	0.921474138338084	0.0261752872206386	0.0261752872206386
39 0.0261752872206385	0.921474138338084	0.0261752872206385	0.0261752872206385
40 0.000311152030203128	0.000420203348805967	0.998965006997898	0.000303637623092097
41 0.994353722774961	0.00118831417328453	0.00383633244845238	0.000621630603301561
42 0.0261752872206386	0.0261752872206386	0.0261752872206386	0.921474138338084
43 0.0261752872206386	0.921474138338084	0.0261752872206386	0.0261752872206386
44 0.000489881182310615	0.0013029889226161	0.00131816523556903	0.996888964659504
45 0.000132952262964313	0.998291526060636	0.000732819588130218	0.000842702088269201
46 0.00369546385699424	0.496058967158016	0.480926353503649	0.0193192154813412
47 0.000482745799316758	0.000853229872765499	0.99823575506787	0.000428269260047224
48 0.921474138338083	0.0261752872206386	0.0261752872206386	0.0261752872206386
49 0.921474138338084	0.0261752872206386	0.0261752872206386	0.0261752872206386
50 0.0653662741056286	0.00621469582272414	0.923860286502476	0.00455874356917134
51 0.00526193014602763	0.795829173109529	0.00967340940230775	0.189235487342135
52 0.0261752872206385	0.921474138338084	0.0261752872206385	0.0261752872206385
53 0.921474138338084	0.0261752872206385	0.0261752872206385	0.0261752872206385
54 0.921474138338084	0.0261752872206386	0.0261752872206386	0.0261752872206386
55 0.921474138338084	0.0261752872206386	0.0261752872206386	0.0261752872206386
56 0.000335475785774629	0.996464745310368	0.000647896802901524	0.00255188210095547
57 0.000670755822690894	0.00213737008149322	0.00231473268007743	0.994877141415738
58 0.000127542238927613	0.00038821657461395	0.999379855976563	0.000104385209895558
59 0.000115391082321386	0.000612711042381712	0.999137244495336	0.000134653379961064
60 0.513329115066033	0.0346119251061758	0.0330170377327922	0.419041922094998
61 0.921474138338084	0.0261752872206385	0.0261752872206385	0.0261752872206385
62 0.921474138338083	0.0261752872206385	0.0261752872206385	0.0261752872206385
63 0.000768006211542862	0.00103849275471973	0.00223645797175336	0.995957043061984
64 0.000490855182234404	0.000691764463952404	0.998481424977689	0.000335955376123765
65 0.00629812514250588	0.335607386805877	0.0402664993397619	0.617827988711855
66 0.000113644348584615	0.998759050804022	0.000453013242427804	0.00067429160496491
67 0.000266141155335932	0.996485908804909	0.000324283989650328	0.0029236660501051
68 0.0261752872206385	0.0261752872206385	0.0261752872206385	0.921474138338084
69 0.990491565189497	0.000945567065692646	0.00781268381463307	0.000750183930177002
70 0.000735859893139972	0.000641915598947474	0.998176109567419	0.000446114940493562
71 0.0261752872206386	0.0261752872206386	0.0261752872206386	0.921474138338084
72 0.0261752872206385	0.921474138338084	0.0261752872206385	0.0261752872206385
73 0.921474138338084	0.0261752872206385	0.0261752872206385	0.0261752872206385
74 0.0261752872206385	0.0261752872206385	0.921474138338084	0.0261752872206385
75 0.00122183821759804	0.00456433855982873	0.00198322650957047	0.992230596713003
76 0.921474138338084	0.0261752872206386	0.0261752872206386	0.0261752872206386
77 0.000392586882448919	0.997125928625923	0.000729083426856602	0.00175240106477128
78 0.000210784642400552	0.020045777014263	0.000205098894847538	0.979538339448489
79 0.921474138338085	0.0261752872206386	0.0261752872206386	0.0261752872206386
80 0.0261752872206386	0.921474138338085	0.0261752872206386	0.0261752872206386
81 0.0261752872206386	0.0261752872206386	0.921474138338084	0.0261752872206386
82 0.0261752872206386	0.0261752872206386	0.921474138338085	0.0261752872206386
83 0.0261752872206386	0.0261752872206386	0.0261752872206386	0.921474138338084
84 0.000300805567831925	0.000272915777639858	0.999166951930057	0.000259326724470643
85 0.000351410371386102	0.000581473395118114	0.998774135585939	0.000292980647557564
86 0.0261752872206386	0.0261752872206386	0.921474138338085	0.0261752872206386
87 0.0261752872206386	0.0261752872206386	0.921474138338085	0.0261752872206386
88 0.0261752872206386	0.0261752872206386	0.921474138338084	0.0261752872206386
89 0.0261752872206386	0.921474138338084	0.0261752872206386	0.0261752872206386
90 0.000241542689985646	0.997674399124266	0.000622892621779127	0.00146116556396948
91 0.00023573161646786	0.997070616929711	0.000285528722284163	0.00240812273153745
92 0.921474138338085	0.0261752872206385	0.0261752872206385	0.0261752872206385
93 0.0261752872206386	0.921474138338085	0.0261752872206386	0.0261752872206386
94 0.0261752872206386	0.0261752872206386	0.921474138338084	0.0261752872206386
95 0.0261752872206386	0.0261752872206386	0.0261752872206386	0.921474138338084
96 0.0261752872206386	0.0261752872206386	0.0261752872206386	0.921474138338085
97 0.00777955801745177	0.000243860386287201	0.991608309109907	0.000368272486353924
98 0.000493572412213844	0.000746158563686754	0.998357948766675	0.00040232025742507
99 0.921474138338083	0.0261752872206386	0.0261752872206386	0.0261752872206386
100 0.989801307017632	0.00210169474457203	0.0058180728814293	0.00227892535636704
101 0.0261752872206385	0.0261752872206385	0.0261752872206385	0.921474138338084
102 0.0261752872206386	0.0261752872206386	0.921474138338084	0.0261752872206386
103 0.000366750363337166	0.995571671225221	0.000667622598682167	0.00339395581275993
104 0.000660821357771421	0.00207725165426389	0.000999658706246369	0.996262268281718
105 0.921474138338085	0.0261752872206386	0.0261752872206386	0.0261752872206386
106 0.000338194981472856	0.000307791920973367	0.999056520969424	0.000297492128130262
107 0.000119358748673304	0.000441864011152348	0.999313264688175	0.000125512551998706
108 0.160299042317881	0.0141175458589828	0.791696157016134	0.0338872548070025
109 0.000428484479074624	0.000490422853873794	0.998784746705768	0.000296345961283589
110 0.000170687103504607	0.99735755285668	0.000924899607877958	0.00154686043193686
111 0.00506969167757086	0.0208616336971907	0.621043367382298	0.353025307242941
112 0.000108683607904655	0.00052835361453001	0.999258475232453	0.000104487545113406
113 0.144553530566085	0.809878109991222	0.0402525868931804	0.00531577254951245
114 0.483724351800419	0.0404335366280684	0.0502218799248018	0.425620231646711
115 0.00012133056869549	0.00060449200907647	0.99914552981014	0.000128647612087662
116 0.400855780587112	0.0606877518765493	0.122000980396698	0.416455487139641
117 0.000823899041715943	0.00249152998159002	0.0017954081388203	0.994889162837874
118 0.0261752872206386	0.0261752872206386	0.0261752872206386	0.921474138338084
