0 0.000265078961088428	5.24301762045381e-5	0.999575188703958	0.00010730215874917
1 8.08939752575647e-5	0.999249984665997	6.49347005511188e-5	0.000604186658194531
2 0.382143053956856	0.00724301778704681	0.0234859048463542	0.587128023409743
3 0.99916416672546	0.000129378064998992	0.000605844950004742	0.000100610259536262
4 7.29250448187237e-5	0.000163171434232912	0.000109869957652932	0.999654033563296
5 4.34954951170662e-5	0.999630032010465	3.71317149420334e-5	0.000289340779476465
6 0.00757988306007106	8.51166553688615e-5	0.992282900018162	5.2100266397971e-5
7 0.000167794428284411	4.754828188884e-5	0.999726993172385	5.76641174415793e-5
8 7.94317638171089e-5	0.996531672872744	3.78035035832932e-5	0.00335109185985629
9 0.00915794307835748	0.972526170764929	0.00915794307835748	0.00915794307835748
10 0.972526170764928	0.00915794307835749	0.00915794307835749	0.00915794307835749
11 0.00915794307835748	0.00915794307835748	0.00915794307835748	0.972526170764928
12 0.00915794307835749	0.00915794307835749	0.00915794307835749	0.972526170764928
13 0.373199264061694	0.00889478672917713	0.0239618209236939	0.593944128285435
14 5.7060361878194e-5	0.000276534456150656	0.000101469931986503	0.999564935249985
15 0.972526170764928	0.00915794307835748	0.00915794307835748	0.00915794307835748
16 0.999125997375209	0.000130778437705075	0.000627135193518663	0.000116088993567486
17 0.102899184594439	0.00142161686304863	0.894677740358119	0.00100145818439386
18 5.25184567209118e-5	0.999598263391205	5.27586469103768e-5	0.000296459505163483
19 7.65396830316492e-5	0.99905175142447	4.69066700035304e-5	0.000824802222495045
20 0.79035306313031	0.0013091819591036	0.206273348336786	0.00206440657380098
21 0.972526170764928	0.00915794307835749	0.00915794307835749	0.00915794307835749
22 0.00915794307835748	0.972526170764928	0.00915794307835748	0.00915794307835748
23 0.00915794307835748	0.00915794307835748	0.00915794307835748	0.972526170764928
24 0.0116493853718908	0.000180922633907022	0.988041790132825	0.00012790186137803
25 0.00010145500819946	0.999270663101606	3.82795342052839e-5	0.00058960235599058
26 0.972526170764929	0.00915794307835749	0.00915794307835749	0.00915794307835749
27 0.00915794307835749	0.972526170764928	0.00915794307835749	0.00915794307835749
28 6.94282599001637e-5	0.999418673349806	4.65960371166989e-5	0.000465302353177679
29 9.99236831362233e-5	4.91167355282652e-5	0.999797172023598	5.37875577382417e-5
30 9.5034213564004e-5	4.54533905009122e-5	0.999807897463265	5.16149326709611e-5
31 0.999443879053829	7.29656798805124e-5	0.00042144884423743	6.17064220538136e-5
32 4.2580858350516e-5	0.000220391293401176	7.13408736054854e-5	0.999665686974643
33 5.79053290750847e-5	0.999532605178195	3.61499292570882e-5	0.000373339563473587
34 0.00915794307835749	0.972526170764928	0.00915794307835749	0.00915794307835749
35 0.00915794307835748	0.972526170764928	0.00915794307835748	0.00915794307835748
36 0.972526170764928	0.00915794307835749	0.00915794307835749	0.00915794307835749
37 0.00915794307835749	0.00915794307835749	0.00915794307835749	0.972526170764928
38 0.00915794307835749	0.972526170764928	0.00915794307835749	0.00915794307835749
39 0.00915794307835749	0.00915794307835749	0.00915794307835749	0.972526170764928
40 0.000150374979865486	3.69895590531024e-5	0.999749094117744	6.35413433374712e-5
41 0.999349952648826	7.88158821193583e-5	0.000499466664541443	7.17648045142106e-5
42 0.972526170764928	0.00915794307835749	0.00915794307835749	0.00915794307835749
43 0.00915794307835749	0.972526170764928	0.00915794307835749	0.00915794307835749
44 4.58836416768139e-5	0.000183882252958848	6.98253487530596e-5	0.999700408756612
45 4.71184392046012e-5	0.999574943156924	4.62961032415079e-5	0.000331642300630101
46 4.98943586671387e-5	0.999548842846542	4.94335709661806e-5	0.000351829223825539
47 0.000193791960824581	4.76664317983232e-5	0.999681903741286	7.66378660915551e-5
48 0.972526170764928	0.00915794307835749	0.00915794307835749	0.00915794307835749
49 0.972526170764928	0.00915794307835749	0.00915794307835749	0.00915794307835749
50 0.00033104886882373	4.17145444788384e-5	0.999517700379173	0.000109536207525483
51 0.000159910779635842	0.0124705596343114	5.90076957724607e-5	0.987310521890281
52 0.00915794307835749	0.00915794307835749	0.00915794307835749	0.972526170764928
53 0.972526170764928	0.00915794307835749	0.00915794307835749	0.00915794307835749
54 0.972526170764928	0.00915794307835748	0.00915794307835748	0.00915794307835748
55 0.00915794307835748	0.00915794307835748	0.972526170764929	0.00915794307835748
56 0.00117674178277243	0.837052748898837	0.00201597402071986	0.159754535297672
57 0.000265901149329045	4.89997616603015e-5	0.999597496414274	8.76026747373304e-5
58 0.000117111225752598	5.25532840248683e-5	0.999772513823786	5.78216664368297e-5
59 0.00101634870896478	0.170401558327607	0.00104180157554615	0.827540291387882
60 7.16900207564579e-5	0.00029420422794533	0.00012119208383671	0.999512913667462
61 0.00915794307835748	0.00915794307835748	0.00915794307835748	0.972526170764928
62 0.972526170764928	0.00915794307835748	0.00915794307835748	0.00915794307835748
63 0.999217256031382	0.000106336735464311	0.000593821094186593	8.2586138966805e-5
64 0.446204744587852	0.00700117269991541	0.03058835789549	0.516205724816743
65 0.836624143535966	0.000157141179577523	0.163137808043988	8.09072404687641e-5
66 4.2673449733005e-5	0.999510191701863	4.05822793664627e-5	0.000406552569037621
67 0.0115984742626812	0.552645176572755	0.429054258907833	0.00670209025673136
68 0.00915794307835748	0.00915794307835748	0.00915794307835748	0.972526170764928
69 0.000211026980604733	4.9256100547342e-5	0.999652661944868	8.70549739803031e-5
70 0.427465264884627	0.00662921011759529	0.077833919285354	0.488071605712424
71 0.00915794307835748	0.00915794307835748	0.972526170764928	0.00915794307835748
72 0.972526170764927	0.00915794307835748	0.00915794307835748	0.00915794307835748
73 0.972526170764928	0.00915794307835748	0.00915794307835748	0.00915794307835748
74 0.00915794307835747	0.00915794307835747	0.972526170764927	0.00915794307835747
75 4.56122602217184e-5	0.000325359120084775	7.83711401344215e-5	0.999550657479559
76 0.972526170764927	0.00915794307835747	0.00915794307835747	0.00915794307835747
77 7.88460692880196e-5	0.999473500028112	4.1517115895821e-5	0.00040613678670405
78 2.20795666073286e-5	0.0011313182936103	4.36292579952112e-6	0.998842239213982
79 0.00915794307835747	0.00915794307835747	0.00915794307835747	0.972526170764927
80 0.972526170764928	0.00915794307835747	0.00915794307835747	0.00915794307835747
81 0.00915794307835747	0.00915794307835747	0.972526170764927	0.00915794307835747
82 0.00915794307835747	0.00915794307835747	0.972526170764927	0.00915794307835747
83 0.00915794307835747	0.00915794307835747	0.00915794307835747	0.972526170764927
84 0.000180394724299084	3.75790286801849e-5	0.999714267069208	6.77591778123996e-5
85 0.000149800836802917	4.1022618806344e-5	0.999746990476067	6.21860683231089e-5
86 0.00915794307835747	0.972526170764928	0.00915794307835747	0.00915794307835747
87 0.00915794307835747	0.00915794307835747	0.972526170764927	0.00915794307835747
88 0.00915794307835747	0.00915794307835747	0.972526170764927	0.00915794307835747
89 0.00915794307835747	0.972526170764927	0.00915794307835747	0.00915794307835747
90 5.63526624830308e-5	0.999538927860867	4.06575317464126e-5	0.000364061944902781
91 6.12177666097812e-5	0.999412384784275	3.68075576662414e-5	0.000489589891448329
92 0.972526170764927	0.00915794307835747	0.00915794307835747	0.00915794307835747
93 0.00915794307835748	0.972526170764928	0.00915794307835748	0.00915794307835748
94 0.00915794307835748	0.00915794307835748	0.00915794307835748	0.972526170764928
95 0.00915794307835748	0.972526170764928	0.00915794307835748	0.00915794307835748
96 0.00915794307835747	0.00915794307835747	0.972526170764928	0.00915794307835747
97 0.000975257103863333	1.87666840870962e-5	0.998857717068169	0.000148259143880335
98 0.000185525104550828	4.34750646018083e-5	0.999686957029195	8.4042801651796e-5
99 0.972526170764928	0.00915794307835748	0.00915794307835748	0.00915794307835748
100 0.999310220876332	8.54077135683231e-5	0.00050929997598598	9.50714341131444e-5
101 0.00915794307835748	0.972526170764928	0.00915794307835748	0.00915794307835748
102 0.00915794307835748	0.00915794307835748	0.00915794307835748	0.972526170764928
103 0.342662428925718	0.00884287116325096	0.0234368804313114	0.62505781947972
104 7.89339015270316e-5	0.999400288233474	4.79162327268403e-5	0.000472861632271106
105 0.972526170764928	0.00915794307835748	0.00915794307835748	0.00915794307835748
106 0.0151170772696483	0.451349479201537	0.527115706022658	0.00641773750615698
107 0.000116261949442156	4.07536531484892e-5	0.999795853538115	4.71308592949052e-5
108 0.000263069127722936	0.0269082510713016	0.000185485367353066	0.972643194433623
109 0.000846685704305802	4.3346842815305e-5	0.999005491339257	0.00010447611362166
110 5.19616865627811e-5	0.999276424159058	4.66615614101919e-5	0.000624952592969421
111 8.08340600845315e-5	0.0104701559742677	4.5420337549862e-5	0.989403589628098
112 0.000103625393992097	3.73368778496543e-5	0.999811705738651	4.73319895077336e-5
113 0.999322709241298	0.000113321789857865	0.000476148057257527	8.78209115870106e-5
114 7.68166430514848e-5	0.000221927664113134	0.000119716319027997	0.999581539373807
115 0.443620824282026	0.00622199952676856	0.0412955501736098	0.508861626017596
116 0.000166833265127741	6.2284963616184e-5	0.999677312704808	9.35690664483993e-5
117 8.84052339375634e-5	0.999140714773912	4.88044994179068e-5	0.00072207549273294
118 0.00915794307835749	0.00915794307835749	0.00915794307835749	0.972526170764928
