0 0.966100462421951	0.00303719497733827	0.0290990583573738	0.001763284243337
1 0.955929258356435	0.0123326949459258	0.0305774180976296	0.00116062860000961
2 0.00125633657957652	0.92603448754497	0.0249685451220129	0.0477406307534406
3 0.000422085307538578	0.00822942674911907	0.00340080549702404	0.987947682446319
4 0.0562216862801227	0.893756500527776	0.0485739194037867	0.00144789378831495
5 0.0753134771239152	0.892579987281509	0.0287946433630308	0.00331189223154558
6 0.0409895425828156	0.00632853025367918	0.951593404098011	0.00108852306549465
7 4.00184802527678e-5	0.000735196352531927	0.999168561935208	5.6223232008739e-5
8 0.000158049898537202	0.992477621217142	0.000483389135837793	0.00688093974848371
9 0.0250355740565425	0.924893277830373	0.0250355740565425	0.0250355740565425
10 0.924893277830374	0.0250355740565425	0.0250355740565425	0.0250355740565425
11 0.0250355740565424	0.0250355740565424	0.0250355740565424	0.924893277830373
12 0.0250355740565425	0.0250355740565425	0.0250355740565425	0.924893277830373
13 0.00037816679458997	0.996547647331572	0.000841009567989084	0.00223317630584933
14 0.100517293437923	0.0119110204048729	0.883619014928856	0.00395267122834974
15 0.0250355740565425	0.924893277830374	0.0250355740565425	0.0250355740565425
16 0.981483099379009	0.00094040222737548	0.0168033485207794	0.000773149872836259
17 2.50950472359142e-5	0.000199306357294363	0.999733762669058	4.18359264116925e-5
18 2.51508035484597e-5	0.000441294224468363	0.999483048785275	5.05061867082884e-5
19 0.98301680848181	0.00399564690177912	0.0123432335653581	0.000644311051052917
20 0.00542994947365279	0.0220376408360593	0.798377689063284	0.174154720627004
21 0.924893277830373	0.0250355740565425	0.0250355740565425	0.0250355740565425
22 0.0250355740565424	0.0250355740565424	0.924893277830373	0.0250355740565424
23 0.924893277830373	0.0250355740565425	0.0250355740565425	0.0250355740565425
24 0.00401926742189405	0.0142237508743762	0.821040951224695	0.160716030479035
25 0.000363306948638732	0.994920795534786	0.000485690557049659	0.00423020695952607
26 0.0250355740565425	0.0250355740565425	0.0250355740565425	0.924893277830373
27 0.0250355740565425	0.924893277830373	0.0250355740565425	0.0250355740565425
28 0.00040732080368176	0.993561262866009	0.00188682024020946	0.00414459609009968
29 7.94351597805809e-5	0.00156253135414962	0.99824164502877	0.00011638845730013
30 3.2735896406854e-5	0.998025634167963	0.000775228035541006	0.00116640190008976
31 0.990395994919005	0.00254836192275472	0.00618253162850446	0.000873111529736243
32 0.000443223537143622	0.0017930178208042	0.00224632792566674	0.995517430716386
33 0.000181218200779792	0.996148924918864	0.000404008454907081	0.00326584842544891
34 0.0250355740565424	0.924893277830373	0.0250355740565424	0.0250355740565424
35 0.0250355740565424	0.924893277830373	0.0250355740565424	0.0250355740565424
36 0.0250355740565425	0.0250355740565425	0.924893277830373	0.0250355740565425
37 0.0250355740565424	0.0250355740565424	0.0250355740565424	0.924893277830373
38 0.0250355740565425	0.0250355740565425	0.0250355740565425	0.924893277830373
39 0.0250355740565424	0.0250355740565424	0.0250355740565424	0.924893277830373
40 0.000154762176675709	0.000385830328818563	0.999235194633854	0.000224212860651787
41 0.991229343038553	0.00193649380211034	0.00606016046346648	0.000774002695870567
42 0.0250355740565424	0.0250355740565424	0.0250355740565424	0.924893277830373
43 0.0250355740565425	0.924893277830372	0.0250355740565425	0.0250355740565425
44 0.000590730499664377	0.000904691364542984	0.0028108644670567	0.995693713668736
45 4.15711641488467e-5	0.000766081622832602	0.999150392161334	4.19550516847331e-5
46 0.000100283057323452	0.997094210837984	0.00157859181378757	0.00122691429090557
47 0.000441261306289413	0.00172876684612548	0.997239708145663	0.000590263701922645
48 0.0250355740565425	0.0250355740565425	0.0250355740565425	0.924893277830373
49 0.924893277830372	0.0250355740565424	0.0250355740565424	0.0250355740565424
50 0.000420929179795245	0.000543383806362039	0.998640469957267	0.000395217056576161
51 0.175333853238797	0.617631881704239	0.0144748505654434	0.192559414491521
52 0.0250355740565425	0.0250355740565425	0.0250355740565425	0.924893277830372
53 0.924893277830373	0.0250355740565424	0.0250355740565424	0.0250355740565424
54 0.924893277830372	0.0250355740565425	0.0250355740565425	0.0250355740565425
55 0.0250355740565424	0.924893277830373	0.0250355740565424	0.0250355740565424
56 0.240972566984831	0.674226332968153	0.0230822645653224	0.0617188354816938
57 0.000452593145007616	0.00759044232562116	0.00418515006644849	0.987771814462923
58 3.28285673336839e-5	0.999146931442971	0.000458915088523404	0.000361324901171557
59 3.183649719319e-5	0.999282257170134	0.000209215804711895	0.000476690527961509
60 0.000629736322722811	0.00280036119190339	0.00105577123702744	0.995514131248346
61 0.924893277830373	0.0250355740565425	0.0250355740565425	0.0250355740565425
62 0.924893277830374	0.0250355740565424	0.0250355740565424	0.0250355740565424
63 0.00273602240449158	0.150032463319487	0.0128379719388559	0.834393542337166
64 0.000563675699715943	0.000825010344442223	0.998138106076587	0.000473207879255232
65 0.00348467990039114	0.0117043353935986	0.852946814164335	0.131864170541676
66 3.06359672409666e-5	0.998587545353462	0.000600112334323502	0.000781706344974426
67 0.989410398985902	0.0028766112908692	0.00670675681278713	0.00100623291044284
68 0.0250355740565425	0.0250355740565425	0.924893277830374	0.0250355740565425
69 0.000260519471800624	0.000394765915791152	0.999078229159806	0.000266485452603596
70 0.00445958635849684	0.517584605261593	0.472514601034296	0.0054412073456156
71 0.0250355740565425	0.0250355740565425	0.0250355740565425	0.924893277830374
72 0.0250355740565425	0.924893277830374	0.0250355740565425	0.0250355740565425
73 0.924893277830375	0.0250355740565425	0.0250355740565425	0.0250355740565425
74 0.0250355740565425	0.0250355740565425	0.924893277830374	0.0250355740565425
75 0.00650481105979801	0.0125269275788617	0.00852061994305449	0.972447641418287
76 0.924893277830374	0.0250355740565425	0.0250355740565425	0.0250355740565425
77 0.000291640845790546	0.996918099403826	0.000891221596966269	0.00189903815341905
78 0.000371330705961001	0.0703686094501162	0.000524263588378311	0.928735796255546
79 0.924893277830374	0.0250355740565425	0.0250355740565425	0.0250355740565425
80 0.0250355740565425	0.0250355740565425	0.0250355740565425	0.924893277830374
81 0.0250355740565425	0.0250355740565425	0.924893277830374	0.0250355740565425
82 0.0250355740565425	0.0250355740565425	0.924893277830374	0.0250355740565425
83 0.0250355740565425	0.0250355740565425	0.0250355740565425	0.924893277830374
84 0.000140294780990419	0.000177022940802506	0.999529753173106	0.000152929105102743
85 0.000194225739115576	0.00061193342976817	0.99895707532751	0.000236765503607139
86 0.0250355740565425	0.0250355740565425	0.924893277830374	0.0250355740565425
87 0.0250355740565425	0.0250355740565425	0.924893277830374	0.0250355740565425
88 0.0250355740565425	0.0250355740565425	0.924893277830374	0.0250355740565425
89 0.924893277830374	0.0250355740565425	0.0250355740565425	0.0250355740565425
90 0.000142648277981817	0.997683607714076	0.000698305523737989	0.00147543848420539
91 0.000129684036831035	0.996572465619174	0.000192261025164738	0.00310558931883198
92 0.924893277830373	0.0250355740565425	0.0250355740565425	0.0250355740565425
93 0.0250355740565425	0.924893277830375	0.0250355740565425	0.0250355740565425
94 0.924893277830374	0.0250355740565425	0.0250355740565425	0.0250355740565425
95 0.0250355740565425	0.0250355740565425	0.0250355740565425	0.924893277830374
96 0.0250355740565425	0.0250355740565425	0.924893277830374	0.0250355740565425
97 0.0149866809921546	0.000511655348135713	0.984024484752551	0.000477178907160329
98 0.000300450558048656	0.000916136526577546	0.998483421442732	0.000299991472643712
99 0.924893277830375	0.0250355740565425	0.0250355740565425	0.0250355740565425
100 0.968145268805707	0.00885471515167241	0.013805732081395	0.00919428396122659
101 0.0250355740565425	0.0250355740565425	0.0250355740565425	0.924893277830374
102 0.924893277830374	0.0250355740565425	0.0250355740565425	0.0250355740565425
103 0.00328815490982868	0.479352894536101	0.512350998023234	0.00500795253083683
104 0.000239325890290362	0.9955312261156	0.000378016855612238	0.00385143113849911
105 0.0250355740565425	0.924893277830374	0.0250355740565425	0.0250355740565425
106 0.000649291645407054	0.000973594942776741	0.00320772087984229	0.995169392531975
107 4.6141046728892e-5	0.000590486399942058	0.999322275473531	4.10970797989947e-5
108 0.145908743388476	0.523670151663265	0.0119351970262333	0.318485907922027
109 0.000147522538288	0.000469861432149218	0.999200800197335	0.000181815832228634
110 5.37101769830339e-5	0.998589562519342	0.000737649390543456	0.000619077913133155
111 0.000898841561779891	0.324117925181603	0.00651711685600725	0.668466116400611
112 0.0029124832046764	0.0135260493231463	0.892577216290363	0.0909842511818147
113 0.00112699227591152	0.0197272603482644	0.893869124376712	0.0852766229991126
114 0.983292594046501	0.00326266566548877	0.0128842581968637	0.000560482091146285
115 0.0481393796136693	0.0243356215963367	0.92563702287262	0.00188797591737471
116 0.000911548872681421	0.0125267977421934	0.0125807879849277	0.973980865400198
117 0.00125284157165636	0.00454122421679113	0.00338125716132631	0.990824677050226
118 0.0250355740565424	0.0250355740565424	0.0250355740565424	0.924893277830373
