0 0.00276477989200162	0.00799300774842434	0.98631529484225	0.00292691751732414
1 0.0106270499389991	0.0586920535187134	0.165376631702599	0.765304264839688
2 0.000884464118063677	0.0127113377055268	0.98564975013738	0.000754448039029558
3 0.00648104832618297	0.100139060609933	0.13078107936711	0.762598811696774
4 0.72774002906014	0.127784869001573	0.136424005171784	0.00805109676650305
5 0.000927508787083694	0.976526376293684	0.0177342083066458	0.00481190661258655
6 0.077224358672135	0.0540629484325774	0.859623045362947	0.00908964753234074
7 0.000709107880137309	0.0108369441506831	0.987513643357855	0.000940304611324546
8 0.156797239323215	0.617775051556478	0.0552790985473441	0.170148610572963
9 0.0811301030089881	0.0811301030089881	0.0811301030089881	0.756609690973036
10 0.756609690973036	0.0811301030089882	0.0811301030089882	0.0811301030089882
11 0.756609690973036	0.0811301030089881	0.0811301030089881	0.0811301030089881
12 0.756609690973036	0.0811301030089881	0.0811301030089881	0.0811301030089881
13 0.00303629555510729	0.974067876045611	0.0131608744450672	0.00973495395421517
14 0.00940121622514914	0.0460654711490594	0.0159992000885712	0.928534112537221
15 0.756609690973036	0.0811301030089881	0.0811301030089881	0.0811301030089881
16 0.0193008068172728	0.652336036616204	0.105274518430927	0.223088638135596
17 0.112056145111461	0.735608135722628	0.117723288030511	0.0346124311354011
18 0.00124574922969267	0.00879740824029774	0.988424485490377	0.00153235703963279
19 0.000671683415643507	0.00540181269445656	0.993083790306864	0.000842713583037009
20 0.209830045724772	0.0774849992360755	0.682890205918716	0.0297947491204366
21 0.756609690973036	0.0811301030089882	0.0811301030089882	0.0811301030089882
22 0.756609690973036	0.0811301030089881	0.0811301030089881	0.0811301030089881
23 0.756609690973036	0.0811301030089881	0.0811301030089881	0.0811301030089881
24 0.0130775871889849	0.431961910700209	0.537662146308979	0.0172983558018274
25 0.00260481191339978	0.972147661526137	0.00646481694012376	0.0187827096203397
26 0.0811301030089881	0.0811301030089881	0.0811301030089881	0.756609690973036
27 0.0811301030089881	0.756609690973036	0.0811301030089881	0.0811301030089881
28 0.0023524865174092	0.97665188120235	0.0127842808050434	0.00821135147519837
29 0.00146953859383592	0.983070104526203	0.0110442278123682	0.00441612906759391
30 0.00155759129322699	0.0263091431212776	0.970446392566187	0.00168687301930875
31 0.0127524444452087	0.0425339224543966	0.0398489299916376	0.904864703108758
32 0.00710468065517132	0.0294966817110539	0.03779729661734	0.925601341016435
33 0.00253249639373426	0.976334065908084	0.00717675819951478	0.0139566794986678
34 0.0811301030089881	0.756609690973037	0.0811301030089881	0.0811301030089881
35 0.0811301030089881	0.0811301030089881	0.756609690973036	0.0811301030089881
36 0.0811301030089882	0.0811301030089882	0.756609690973037	0.0811301030089882
37 0.0811301030089881	0.0811301030089881	0.0811301030089881	0.756609690973036
38 0.0811301030089882	0.756609690973036	0.0811301030089882	0.0811301030089882
39 0.0811301030089882	0.756609690973036	0.0811301030089882	0.0811301030089882
40 0.00180888742671898	0.00656086828869585	0.988370460243169	0.00325978404141633
41 0.909813062296984	0.032508227257428	0.04518631461804	0.0124923958275492
42 0.0811301030089882	0.0811301030089882	0.0811301030089882	0.756609690973037
43 0.0811301030089881	0.0811301030089881	0.0811301030089881	0.756609690973036
44 0.838680207256057	0.0379310018443942	0.108640338897961	0.0147484520015885
45 0.00123313116110538	0.965788541338438	0.0267619654018737	0.00621636209858311
46 0.00142618833687279	0.0107361604070301	0.986059803806607	0.00177784744949005
47 0.00312918672708291	0.0110911923772268	0.981702605249544	0.00407701564614698
48 0.0811301030089882	0.0811301030089882	0.756609690973035	0.0811301030089882
49 0.756609690973036	0.0811301030089881	0.0811301030089881	0.0811301030089881
50 0.00247093083000726	0.00613141220972311	0.988347977774741	0.00304967918552886
51 0.0148777895517682	0.524969119608416	0.430887550748401	0.0292655400914161
52 0.0811301030089881	0.0811301030089881	0.756609690973037	0.0811301030089881
53 0.0811301030089881	0.0811301030089881	0.0811301030089881	0.756609690973036
54 0.756609690973036	0.0811301030089882	0.0811301030089882	0.0811301030089882
55 0.0811301030089882	0.0811301030089882	0.756609690973036	0.0811301030089882
56 0.0164913755688108	0.686041191515899	0.0907575165059402	0.206709916409351
57 0.000593500801908486	0.991803234465778	0.00565054128492227	0.00195272344739117
58 0.00124736069999046	0.985618207389775	0.00908215192648788	0.00405227998374671
59 0.0105273358005615	0.114465730623303	0.759848292292119	0.115158641284017
60 0.229011098280558	0.0917202305806488	0.646401408656547	0.0328672624822463
61 0.0811301030089881	0.0811301030089881	0.0811301030089881	0.756609690973036
62 0.0811301030089881	0.756609690973036	0.0811301030089881	0.0811301030089881
63 0.879589747729512	0.0142046242711012	0.0949107472979208	0.0112948807014667
64 0.0027527258765138	0.011505414634192	0.980887281893675	0.00485457759562009
65 0.0146233030121284	0.501663402074344	0.104765403208409	0.378947891705118
66 0.00067795099280206	0.991041939401373	0.00630947276084106	0.00197063684498379
67 0.00219309233518548	0.979310704921689	0.00366908738798194	0.0148271153551436
68 0.081130103008988	0.756609690973036	0.081130103008988	0.081130103008988
69 0.00189702734653772	0.00694636716582672	0.98769710682128	0.00345949866635512
70 0.899442611205844	0.0347790144479619	0.0527623656375743	0.0130160087086187
71 0.081130103008988	0.756609690973036	0.081130103008988	0.081130103008988
72 0.081130103008988	0.081130103008988	0.081130103008988	0.756609690973035
73 0.756609690973035	0.081130103008988	0.081130103008988	0.081130103008988
74 0.081130103008988	0.081130103008988	0.756609690973036	0.081130103008988
75 0.0322246644752199	0.0509239337699495	0.0373787142860074	0.879472687468823
76 0.756609690973035	0.081130103008988	0.081130103008988	0.081130103008988
77 0.00491052773309185	0.961243170856926	0.0201003908033921	0.0137459106065896
78 0.0221430858739329	0.106281160896822	0.301060599487811	0.570515153741433
79 0.756609690973036	0.0811301030089881	0.0811301030089881	0.0811301030089881
80 0.081130103008988	0.081130103008988	0.756609690973035	0.081130103008988
81 0.081130103008988	0.081130103008988	0.756609690973035	0.081130103008988
82 0.081130103008988	0.081130103008988	0.756609690973035	0.081130103008988
83 0.081130103008988	0.081130103008988	0.081130103008988	0.756609690973035
84 0.00219748001207043	0.00316483214270716	0.992103144809912	0.00253454303530975
85 0.00319283942128386	0.0110146806780178	0.981750730412093	0.00404174948860518
86 0.081130103008988	0.081130103008988	0.756609690973035	0.081130103008988
87 0.081130103008988	0.081130103008988	0.756609690973035	0.081130103008988
88 0.0811301030089881	0.0811301030089881	0.756609690973036	0.0811301030089881
89 0.756609690973035	0.081130103008988	0.081130103008988	0.081130103008988
90 0.00236257395015469	0.976760622839588	0.012657848063384	0.00821895514687269
91 0.00212226675689365	0.980515519775359	0.00354013534354592	0.0138220781242005
92 0.756609690973036	0.0811301030089881	0.0811301030089881	0.0811301030089881
93 0.081130103008988	0.756609690973035	0.081130103008988	0.081130103008988
94 0.081130103008988	0.756609690973035	0.081130103008988	0.081130103008988
95 0.081130103008988	0.081130103008988	0.081130103008988	0.756609690973035
96 0.081130103008988	0.081130103008988	0.756609690973035	0.081130103008988
97 0.210469711333586	0.308066570485302	0.454126014827388	0.027337703353724
98 0.00506307692909844	0.0187527728750713	0.969639700395674	0.00654444980015554
99 0.756609690973035	0.0811301030089881	0.0811301030089881	0.0811301030089881
100 0.865275357212943	0.0391416302496746	0.0540364801722973	0.0415465323650843
101 0.081130103008988	0.756609690973035	0.081130103008988	0.081130103008988
102 0.756609690973035	0.081130103008988	0.081130103008988	0.081130103008988
103 0.00746505903627268	0.0321692525829468	0.0402829585705321	0.920082729810248
104 0.00269023324525719	0.975148911042101	0.00759654281418208	0.0145643128984593
105 0.081130103008988	0.081130103008988	0.756609690973036	0.081130103008988
106 0.00225933503842385	0.00324551570846156	0.991841880942462	0.00265326831065172
107 0.000699117783135291	0.00613802858521442	0.992313094858855	0.000849758772793978
108 0.156160779210964	0.0661906786674381	0.724060045745868	0.0535884963757295
109 0.0136984749749508	0.0531066467429583	0.778012435932971	0.15518244234912
110 0.000806327393603354	0.985673714787709	0.0109701735976689	0.00254978422101909
111 0.0075156114157913	0.558913003165306	0.0556352699098011	0.377936115509102
112 0.00136197314816185	0.0174528080284168	0.979975100991493	0.00121011783192753
113 0.00647568050988001	0.100762435980585	0.129358959976182	0.763402923533353
114 0.72763665329992	0.129145570742964	0.135099654861706	0.0081181210954103
115 0.000496483250755252	0.981971178709294	0.0129682074974507	0.00456413054250041
116 0.73822008307541	0.162995991795133	0.0857754052013078	0.0130085199281495
117 0.00221222042136503	0.967920022563695	0.00855584680702124	0.0213119102079192
118 0.0811301030089881	0.0811301030089881	0.0811301030089881	0.756609690973036
